   0.0000000000000000                   1.0000000000000000                   0.0000000000000000                   1.0000000000000000                  -1.0000000000000000     
  0.12500000000000000                  0.88249690258459546                   1.7891921994080719E-002             0.99983992675195654                 -0.87500000000000000     
  0.25000000000000000                  0.77880078307140488                   3.5778115952026769E-002             0.99935975825471546                 -0.75000000000000000     
  0.37500000000000000                  0.68728927879097224                   5.3652855671514184E-002             0.99855964823253884                 -0.62500000000000000     
  0.50000000000000000                  0.60653065971263342                   7.1510418617253310E-002             0.99743985283784664                 -0.50000000000000000     
  0.62500000000000000                  0.53526142851899028                   8.9345087753038399E-002             0.99600073056921090                 -0.37500000000000000     
  0.75000000000000000                  0.47236655274101469                  0.10715115337203676                  0.99424274215658337                 -0.25000000000000000     
  0.87500000000000000                  0.41686201967850839                  0.12492291492473138                  0.99216645041379437                 -0.12500000000000000     
   1.0000000000000000                  0.36787944117144233                  0.14265468284393190                  0.98977252005837035                   0.0000000000000000     
   1.1250000000000000                  0.32465246735834974                  0.16034078036626950                  0.98706171749872651                  0.12500000000000000     
   2.3750000000000000                   7.7023015802881109E-002             0.33352967914069703                  0.94455368553949826                   1.3732522096924045     
   3.6250000000000000                  -3.2401906821606818E-002             0.49111792852768271                  0.99692505674886922                   2.4247583682228147     
   4.8750000000000000                   1.7741933422073672                  0.71854418819657961                   1.5506649937881725                   2.2453390351637692     
   6.1250000000000000                   5.1776884941793329                   1.2642963649575822                   2.0267200037011661                   1.0479142067652090     
   7.3750000000000000                   3.8083854996639603                   1.3620487408613937                   1.2033548977796737                  0.87099632565681839     
   8.6250000000000000                 -0.44376329750790156                  0.75176953941835856                  0.25142650457795929                   2.0671472843909195     
   9.8750000000000000                  -1.9280101835249126                  0.17842330290353936                  0.37762041585515427                   1.9557389839163966     
   11.125000000000000                  -1.6101309753418835                 -0.21495037756381208                  0.83814408697337484                 -0.21360655474598800     
   12.375000000000000                  -1.1629640283963170                 -0.42345428426879711                  0.72459535256725438                  -1.4962760123610379     
   13.625000000000000                 -0.51352128364713878                  0.47932819520286307                  0.26637120969486783                   2.9856417915577249E-002
   14.875000000000000                 -0.11985579036937251                   1.0920975386034912                   2.4942605840524393E-002              2.1868024060121756     
   16.125000000000000                 -0.37992418707787401                  0.33986244951614325                 -0.69635770711852185                   2.0607625724610079     
   17.375000000000000                  -1.1969331043599136                 -0.28651356765406921                  -1.6033148782294588                  0.74138450432263592     
   18.625000000000000                  -1.2091773845503775                 -0.28938935508527097                  -1.4999784839251347                  0.17220283806763637     
   19.875000000000000                   1.8558946518568653E-002            -0.42123954213159365                  -1.1062977807165315                  -9.0012015956220201E-002
   21.125000000000000                 -0.21111650992090492                 -0.99104592425022897                 -0.85594167715332148                 -0.31948005480491981     
   22.375000000000000                  -1.5456759548489327                 -0.60902262229576187                 -0.68086413056042505                  0.26909532043099998     
   23.625000000000000                  -1.3327829737573520                  0.31380127711889294                 -0.74928459400271707                   1.0038963260648079     
   24.875000000000000                  -1.0299100561933641                  0.33152404462244472                 -0.14413676616650273                   1.1728472160550476     
   26.125000000000000                  -2.0551931262584833                 -0.51332664681694340                  0.72952554125255475                  0.98248270024511364     
   27.375000000000000                  -2.0215251587104062                  -1.1481157916515057                 -0.15768298056053731                  0.57949155566232635     
   28.625000000000000                 -0.27251764643191867                  -1.1344469329906985                  -1.4965017320352014                  0.30110241656232822     
   29.875000000000000                  0.92086742960883894                 -0.53794051287741962                 -0.91135982733992837                  0.45807435926647255     
   31.125000000000000                   1.1815000859412765                  -6.8581905009427374E-002             0.28665175491680495                  0.97187599694637439     
   32.375000000000000                  0.92913781868981560                 -0.58810052170409255                  0.64576364613301174                  0.98815410708852691     
   33.625000000000000                 -0.37391698435512577                 -0.90694908368212745                   9.7996331379100354E-002             0.54461707965223227     
