   0.0000000000000000                   0.0000000000000000     
   9.9999997764825821E-003              0.0000000000000000     
   1.9999999552965164E-002              0.0000000000000000     
   2.9999999329447746E-002              0.0000000000000000     
   3.9999999105930328E-002              0.0000000000000000     
   4.9999998882412910E-002              0.0000000000000000     
   5.9999998658895493E-002              0.0000000000000000     
   6.9999998435378075E-002              0.0000000000000000     
   7.9999998211860657E-002              0.0000000000000000     
   8.9999997988343239E-002              0.0000000000000000     
   9.9999997764825821E-002              0.0000000000000000     
  0.10999999754130840                   0.0000000000000000     
  0.11999999731779099                   0.0000000000000000     
  0.12999999709427357                   0.0000000000000000     
  0.13999999687075615                   0.0000000000000000     
  0.14999999664723873                   0.0000000000000000     
  0.15999999642372131                   0.0000000000000000     
  0.16999999620020390                   0.0000000000000000     
  0.17999999597668648                   0.0000000000000000     
  0.18999999575316906                   0.0000000000000000     
  0.19999999552965164                   0.0000000000000000     
  0.20999999530613422                   0.0000000000000000     
  0.21999999508261681                   0.0000000000000000     
  0.22999999485909939                   0.0000000000000000     
  0.23999999463558197                   0.0000000000000000     
  0.24999999441206455                   0.0000000000000000     
  0.25999999418854713                   0.0000000000000000     
  0.26999999396502972                   0.0000000000000000     
  0.27999999374151230                   0.0000000000000000     
  0.28999999351799488                   0.0000000000000000     
  0.29999999329447746                   0.0000000000000000     
  0.30999999307096004                   0.0000000000000000     
  0.31999999284744263                   0.0000000000000000     
  0.32999999262392521                   0.0000000000000000     
  0.33999999240040779                   0.0000000000000000     
  0.34999999217689037                   0.0000000000000000     
  0.35999999195337296                   0.0000000000000000     
  0.36999999172985554                   0.0000000000000000     
  0.37999999150633812                   0.0000000000000000     
  0.38999999128282070                   0.0000000000000000     
  0.39999999105930328                   0.0000000000000000     
  0.40999999083578587                   0.0000000000000000     
  0.41999999061226845                   0.0000000000000000     
  0.42999999038875103                   0.0000000000000000     
  0.43999999016523361                   0.0000000000000000     
  0.44999998994171619                   0.0000000000000000     
  0.45999998971819878                   0.0000000000000000     
  0.46999998949468136                   0.0000000000000000     
  0.47999998927116394                   0.0000000000000000     
  0.48999998904764652                   0.0000000000000000     
  0.49999998882412910                   0.0000000000000000     
  0.50999998860061169                   0.0000000000000000     
  0.51999998837709427                   0.0000000000000000     
  0.52999998815357685                   0.0000000000000000     
  0.53999998793005943                   0.0000000000000000     
  0.54999998770654202                   0.0000000000000000     
  0.55999998748302460                   0.0000000000000000     
  0.56999998725950718                   0.0000000000000000     
  0.57999998703598976                   0.0000000000000000     
  0.58999998681247234                   0.0000000000000000     
  0.59999998658895493                   0.0000000000000000     
  0.60999998636543751                   0.0000000000000000     
  0.61999998614192009                   0.0000000000000000     
  0.62999998591840267                   0.0000000000000000     
  0.63999998569488525                   0.0000000000000000     
  0.64999998547136784                   0.0000000000000000     
  0.65999998524785042                   0.0000000000000000     
  0.66999998502433300                   0.0000000000000000     
  0.67999998480081558                   0.0000000000000000     
  0.68999998457729816                   0.0000000000000000     
  0.69999998435378075                   0.0000000000000000     
  0.70999998413026333                   0.0000000000000000     
  0.71999998390674591                   0.0000000000000000     
  0.72999998368322849                   0.0000000000000000     
  0.73999998345971107                   0.0000000000000000     
  0.74999998323619366                   0.0000000000000000     
  0.75999998301267624                   0.0000000000000000     
  0.76999998278915882                   0.0000000000000000     
  0.77999998256564140                   0.0000000000000000     
  0.78999998234212399                   0.0000000000000000     
  0.79999998211860657                   0.0000000000000000     
  0.80999998189508915                   0.0000000000000000     
  0.81999998167157173                   0.0000000000000000     
  0.82999998144805431                   0.0000000000000000     
  0.83999998122453690                   0.0000000000000000     
  0.84999998100101948                   0.0000000000000000     
  0.85999998077750206                   0.0000000000000000     
  0.86999998055398464                   0.0000000000000000     
  0.87999998033046722                   0.0000000000000000     
  0.88999998010694981                   0.0000000000000000     
  0.89999997988343239                   0.0000000000000000     
  0.90999997965991497                   0.0000000000000000     
  0.91999997943639755                   0.0000000000000000     
  0.92999997921288013                   0.0000000000000000     
  0.93999997898936272                   0.0000000000000000     
  0.94999997876584530                   0.0000000000000000     
  0.95999997854232788                   0.0000000000000000     
  0.96999997831881046                   0.0000000000000000     
  0.97999997809529305                   0.0000000000000000     
  0.98999997787177563                   0.0000000000000000     
  0.99999997764825821                   1.4597196160525379E-007
   1.0099999774247408                  -2.4330095649838688E-006
   1.0199999772012234                   5.2527063979067148E-006
   1.0299999769777060                   4.3334369886326123E-006
   1.0399999767541885                  -6.1386365769214402E-006
   1.0499999765306711                  -9.5107238673901202E-006
   1.0599999763071537                   9.0025785514250359E-006
   1.0699999760836363                   1.4268178745716756E-005
   1.0799999758601189                  -5.8972996583389001E-006
   1.0899999756366014                  -1.9424344428502411E-006
   1.0999999754130840                  -1.4535069056412880E-005
   1.1099999751895666                  -2.6994913587035097E-005
   1.1199999749660492                  -5.4763194142003001E-005
   1.1299999747425318                  -2.5435242383597381E-005
   1.1399999745190144                   1.2883160661373721E-006
   1.1499999742954969                  -7.5628219055698238E-005
   1.1599999740719795                   9.0895666823228595E-005
   1.1699999738484621                   7.7401208769952118E-005
   1.1799999736249447                   4.8015501326965279E-005
   1.1899999734014273                   1.1893718754709057E-005
   1.1999999731779099                   1.1604822598926929E-004
   1.2099999729543924                   7.2705752601332738E-006
   1.2199999727308750                  -9.3338144230266937E-005
   1.2299999725073576                  -3.4503804062243048E-005
   1.2399999722838402                   6.0283798264328966E-005
   1.2499999720603228                   5.4150541436400348E-005
   1.2599999718368053                   2.4823430250899177E-004
   1.2699999716132879                  -5.5804111531483501E-005
   1.2799999713897705                  -1.0214618073955740E-004
   1.2899999711662531                  -6.9950433505588122E-005
   1.2999999709427357                   1.4707457189464161E-004
   1.3099999707192183                  -2.0777666031533159E-004
   1.3199999704957008                   3.7313601536092671E-004
   1.3299999702721834                   2.7818493696919305E-004
   1.3399999700486660                   4.1413205652208172E-004
   1.3499999698251486                   1.6017593873696543E-005
   1.3599999696016312                  -5.3799865879118288E-004
   1.3699999693781137                   1.3690292920310172E-004
   1.3799999691545963                   7.2368570027016906E-004
   1.3899999689310789                  -1.2282235695656984E-005
   1.3999999687075615                  -2.2007934686838482E-004
   1.4099999684840441                   6.3434247643359492E-004
   1.4199999682605267                  -2.0906094165505204E-004
   1.4299999680370092                  -1.0238757855700613E-003
   1.4399999678134918                   6.0276203970819210E-004
   1.4499999675899744                   6.4766161051000388E-004
   1.4599999673664570                  -6.0343577505639211E-005
   1.4699999671429396                   3.5181975080800741E-004
   1.4799999669194221                   1.7204058999162639E-004
   1.4899999666959047                   2.1507591361202957E-004
   1.4999999664723873                   2.2862605150965451E-004
   1.5099999662488699                   2.3151228314430240E-004
   1.5199999660253525                   3.2455995801339570E-004
   1.5299999658018351                   2.2123888731689480E-004
   1.5399999655783176                   3.4971445926418006E-004
   1.5499999653548002                   3.7166383350482673E-004
   1.5599999651312828                   2.6161640204797417E-004
   1.5699999649077654                   4.8124209699829075E-004
   1.5799999646842480                   1.2931532882256636E-004
   1.5899999644607306                   8.9316312197856547E-004
   1.5999999642372131                   3.0076457540373672E-004
   1.6099999640136957                   4.5900353031319433E-005
   1.6199999637901783                   7.9774911759694503E-004
   1.6299999635666609                   6.2703839364254511E-004
   1.6399999633431435                   6.0226486571985521E-004
   1.6499999631196260                   1.1369579255686155E-003
   1.6599999628961086                   1.0760952106580665E-003
   1.6699999626725912                   6.6731673650198607E-004
   1.6799999624490738                   1.1574712424103168E-003
   1.6899999622255564                   6.4275076286029304E-004
   1.6999999620020390                  -3.0658765878985045E-004
   1.7099999617785215                  -1.0692665022581267E-004
   1.7199999615550041                  -1.2057911013910695E-003
   1.7299999613314867                   4.6994748243952997E-004
   1.7399999611079693                   1.5519654219468822E-003
   1.7499999608844519                  -1.2869577473405619E-003
   1.7599999606609344                   1.1088943992117845E-003
   1.7699999604374170                   1.8604521478843730E-003
   1.7799999602138996                   7.8354758499010388E-004
   1.7899999599903822                   7.8845074828498519E-004
   1.7999999597668648                  -4.4162450185799749E-004
   1.8099999595433474                  -2.9964084790326919E-004
   1.8199999593198299                  -8.3435650659643740E-004
   1.8299999590963125                   9.5777793211306332E-005
   1.8399999588727951                   4.4648249938876632E-003
   1.8499999586492777                   3.1533903685094242E-004
   1.8599999584257603                  -1.7809525764014736E-004
   1.8699999582022429                   1.3141722526994126E-003
   1.8799999579787254                   2.2585882538802438E-003
   1.8899999577552080                   4.8062942406975218E-004
   1.8999999575316906                  -9.8526289862546548E-004
   1.9099999573081732                   6.7983481982086943E-003
   1.9199999570846558                   5.9056804954810416E-003
   1.9299999568611383                   2.2131931821191895E-003
   1.9399999566376209                   9.3570316851285702E-003
   1.9499999564141035                   4.5354095944065949E-003
   1.9599999561905861                   4.6214152096507762E-003
   1.9699999559670687                   1.0271553327315254E-003
   1.9799999557435513                  -9.3631567862634962E-003
   1.9899999555200338                   2.7608166979688274E-003
   1.9999999552965164                   2.8520356789958723E-003
   2.0099999550729990                   2.9552082511116618E-003
   2.0199999548494816                   3.2072192317613105E-003
   2.0299999546259642                   3.2735024998054403E-003
   2.0399999544024467                   3.4849183167300546E-003
   2.0499999541789293                   3.4911325609592514E-003
   2.0599999539554119                   3.5881305625707219E-003
   2.0699999537318945                   3.9073392620936594E-003
   2.0799999535083771                   3.6060030897955859E-003
   2.0899999532848597                   4.5928827692691670E-003
   2.0999999530613422                   3.6320731218975966E-003
   2.1099999528378248                   4.3897320969678933E-003
   2.1199999526143074                   5.1697507757586690E-003
   2.1299999523907900                   5.0650809282355592E-003
   2.1399999521672726                   4.5020232123762337E-003
   2.1499999519437551                   5.3578418106192960E-003
   2.1599999517202377                   6.8397142109656436E-003
   2.1699999514967203                   5.5681848726658019E-003
   2.1799999512732029                   5.4205186578669034E-003
   2.1899999510496855                   5.3066343399274631E-003
   2.1999999508261681                   6.9137836483851474E-003
   2.2099999506026506                   8.1090753732076942E-003
   2.2199999503791332                   4.6617032702017175E-003
   2.2299999501556158                   7.8478558795391940E-003
   2.2399999499320984                   6.3403117512422294E-003
   2.2499999497085810                   7.2182283542384278E-003
   2.2599999494850636                   6.3956460417322562E-003
   2.2699999492615461                   9.3267192964502157E-003
   2.2799999490380287                   7.4208623012471785E-003
   2.2899999488145113                   8.4307147866692755E-003
   2.2999999485909939                   8.1361722790849137E-003
   2.3099999483674765                   1.0907573711960054E-002
   2.3199999481439590                   8.5293592781578442E-003
   2.3299999479204416                   6.2696083160762601E-003
   2.3399999476969242                   1.0394860486638763E-002
   2.3499999474734068                   1.1066438967112980E-002
   2.3599999472498894                   9.8368373988315244E-003
   2.3699999470263720                   1.1396015298383817E-002
   2.3799999468028545                   4.8055550443944781E-003
   2.3899999465793371                   7.5130564383639378E-003
   2.3999999463558197                   4.2005159961191205E-003
   2.4099999461323023                   1.8453533123513811E-002
   2.4199999459087849                   6.9786747088364893E-003
   2.4299999456852674                   1.2466247784610970E-002
   2.4399999454617500                   1.5690006963395134E-002
   2.4499999452382326                   7.2112887744572038E-003
   2.4599999450147152                   1.5116932737653792E-002
   2.4699999447911978                   1.8825805073491787E-002
   2.4799999445676804                   1.1556358245219830E-002
   2.4899999443441629                   6.6555970214805882E-003
   2.4999999441206455                   6.6051223517500073E-003
   2.5099999438971281                   6.5432161328457215E-003
   2.5199999436736107                   6.4694068832992172E-003
   2.5299999434500933                   6.3831791395611431E-003
   2.5399999432265759                   6.2840374932289847E-003
   2.5499999430030584                   6.1714798399850352E-003
   2.5599999427795410                   6.0449934330291805E-003
   2.5699999425560236                   5.9040548104423527E-003
   2.5799999423325062                   5.7481372768357058E-003
   2.5899999421089888                   5.5767034210188167E-003
   2.5999999418854713                   5.3892300243452967E-003
   2.6099999416619539                   5.1851609468362685E-003
   2.6199999414384365                   4.9639536243061121E-003
   2.6299999412149191                   4.7250512332754780E-003
   2.6399999409914017                   4.4679081766384491E-003
   2.6499999407678843                   4.1919429102810100E-003
   2.6599999405443668                   3.8966024062763709E-003
   2.6699999403208494                   3.5813085697939773E-003
   2.6799999400973320                   3.2455048453298623E-003
   2.6899999398738146                   2.8885933858305715E-003
   2.6999999396502972                   2.5100128742269480E-003
   2.7099999394267797                   2.1091884157078251E-003
   2.7199999392032623                   1.6855223291651865E-003
   2.7299999389797449                   1.2384479018931740E-003
   2.7399999387562275                   7.6736799840237469E-004
   2.7499999385327101                   2.7171355255481422E-004
   2.7599999383091927                  -2.4910227419559604E-004
   2.7699999380856752                  -7.9567205281079326E-004
   2.7799999378621578                  -1.3685616870836512E-003
   2.7899999376386404                  -1.9683574979916870E-003
   2.7999999374151230                  -2.5956356576479472E-003
   2.8099999371916056                  -3.2509800580704149E-003
   2.8199999369680882                  -3.9349506963735972E-003
   2.8299999367445707                  -4.6481199284104692E-003
   2.8399999365210533                  -5.3910608062329368E-003
   2.8499999362975359                  -6.1643177234088631E-003
   2.8599999360740185                  -6.9684577591398560E-003
   2.8699999358505011                  -7.8040331785162158E-003
   2.8799999356269836                  -8.6715757245529254E-003
   2.8899999354034662                  -9.5716411129838346E-003
   2.8999999351799488                  -1.0504749441621474E-002
   2.9099999349564314                  -1.1471435414012382E-002
   2.9199999347329140                  -1.2472192392928752E-002
   2.9299999345093966                  -1.3507551299877810E-002
   2.9399999342858791                  -1.4577997732261427E-002
   2.9499999340623617                  -1.5684027306244977E-002
   2.9599999338388443                  -1.6826119617625999E-002
   2.9699999336153269                  -1.8004741434574426E-002
   2.9799999333918095                  -1.9220352991071946E-002
   2.9899999331682920                  -2.0473395535464366E-002
   2.9999999329447746                  -2.1785574374434454E-002
   3.0099999327212572                  -2.3059867564207245E-002
   3.0199999324977398                  -2.4493546889903052E-002
   3.0299999322742224                  -2.6073899388275895E-002
   3.0399999320507050                  -2.7299395017628455E-002
   3.0499999318271875                  -2.9003081109633084E-002
   3.0599999316036701                  -3.0450744645171016E-002
   3.0699999313801527                  -3.2420030501860431E-002
   3.0799999311566353                  -3.4051462408705352E-002
   3.0899999309331179                  -3.6241115151005393E-002
   3.0999999307096004                  -3.7569332304489965E-002
   3.1099999304860830                  -3.8009676344610922E-002
   3.1199999302625656                  -4.1628289872445809E-002
   3.1299999300390482                  -4.3140255292679328E-002
   3.1399999298155308                  -4.5636693820069130E-002
   3.1499999295920134                  -4.8317281028863485E-002
   3.1599999293684959                  -4.9535344273041494E-002
   3.1699999291449785                  -5.1212675660827676E-002
   3.1799999289214611                  -5.2322697347760495E-002
   3.1899999286979437                  -5.8020891658415098E-002
   3.1999999284744263                  -5.9043925554408981E-002
   3.2099999282509089                  -5.7437021012923375E-002
   3.2199999280273914                  -6.7424541550250627E-002
   3.2299999278038740                  -6.5020621073076670E-002
   3.2399999275803566                  -6.5397658479876969E-002
   3.2499999273568392                  -7.0684281041588026E-002
   3.2599999271333218                  -6.9785872034717158E-002
   3.2699999269098043                  -7.3612318311941302E-002
   3.2799999266862869                  -7.6407023993189119E-002
   3.2899999264627695                  -8.2894404562767587E-002
   3.2999999262392521                  -8.1723186715401935E-002
   3.3099999260157347                  -8.5763942089759959E-002
   3.3199999257922173                  -7.6818036434216377E-002
   3.3299999255686998                  -8.7700956077987918E-002
   3.3399999253451824                  -8.9215297331573837E-002
   3.3499999251216650                 -0.10089700335298228     
   3.3599999248981476                 -0.10117981242299724     
   3.3699999246746302                  -8.9812444236294101E-002
   3.3799999244511127                 -0.11295724241367443     
   3.3899999242275953                 -0.10979229923586767     
   3.3999999240040779                 -0.10721983431955925     
   3.4099999237805605                 -0.12963860966861296     
   3.4199999235570431                 -0.11858752939647345     
   3.4299999233335257                 -0.11892277973600038     
   3.4399999231100082                 -0.11570648410121213     
   3.4499999228864908                 -0.13695720612758602     
   3.4599999226629734                 -0.14052059768316325     
   3.4699999224394560                 -0.13641623079555956     
   3.4799999222159386                 -0.14480751386503812     
   3.4899999219924212                 -0.14940189912037435     
   3.4999999217689037                 -0.15338250461361014     
   3.5099999215453863                 -0.15744156372612619     
   3.5199999213218689                 -0.16146042000574823     
   3.5299999210983515                 -0.16604051038636597     
   3.5399999208748341                 -0.16967965682007694     
   3.5499999206513166                 -0.17420954354053203     
   3.5599999204277992                 -0.17899519285362447     
   3.5699999202042818                 -0.18300371239718863     
   3.5799999199807644                 -0.18728949757912131     
   3.5899999197572470                 -0.19178641052594542     
   3.5999999195337296                 -0.19835457896342734     
   3.6099999193102121                 -0.20230114663982285     
   3.6199999190866947                 -0.20618276634091276     
   3.6299999188631773                 -0.20977763253190349     
   3.6399999186396599                 -0.21292259000707117     
   3.6499999184161425                 -0.21882500229200413     
   3.6599999181926250                 -0.22146782664814707     
   3.6699999179691076                 -0.23175591885278385     
   3.6799999177455902                 -0.23735417754126950     
   3.6899999175220728                 -0.24137853019436245     
   3.6999999172985554                 -0.24154223722506027     
   3.7099999170750380                 -0.24918530772651126     
   3.7199999168515205                 -0.25279332193607229     
   3.7299999166280031                 -0.25836831300025759     
   3.7399999164044857                 -0.26714305658637150     
   3.7499999161809683                 -0.27126235801261628     
   3.7599999159574509                 -0.27903812917825921     
   3.7699999157339334                 -0.28198698253350873     
   3.7799999155104160                 -0.28845748135685467     
   3.7899999152868986                 -0.29305958863068138     
   3.7999999150633812                 -0.29309230333314373     
   3.8099999148398638                 -0.30290561313186926     
   3.8199999146163464                 -0.29869034499505398     
   3.8299999143928289                 -0.31960542087855620     
   3.8399999141693115                 -0.31221443584151432     
   3.8499999139457941                 -0.33842348321241145     
   3.8599999137222767                 -0.33314978036259263     
   3.8699999134987593                 -0.34045287682488012     
   3.8799999132752419                 -0.34937916650532647     
   3.8899999130517244                 -0.35050548681661642     
   3.8999999128282070                 -0.35721410786609409     
   3.9099999126046896                 -0.36319791319561273     
   3.9199999123811722                 -0.37638825441967677     
   3.9299999121576548                 -0.36530943559428009     
   3.9399999119341373                 -0.39355258029418055     
   3.9499999117106199                 -0.38143385301640087     
   3.9599999114871025                 -0.37999553449340301     
   3.9699999112635851                 -0.40818403452001223     
   3.9799999110400677                 -0.40419338432889673     
   3.9899999108165503                 -0.40522152970095449     
   3.9999999105930328                 -0.41117621533255061     
   4.0099999103695154                 -0.41695821021254148     
   4.0199999101459980                 -0.42273577729193601     
   4.0299999099224806                 -0.42827253745896038     
   4.0399999096989632                 -0.43455598929565986     
   4.0499999094754457                 -0.44065478700185462     
   4.0599999092519283                 -0.44665638202995467     
   4.0699999090284109                 -0.45165103925010308     
   4.0799999088048935                 -0.45837679082391136     
   4.0899999085813761                 -0.46426237608456228     
   4.0999999083578587                 -0.46987402247800103     
   4.1099999081343412                 -0.47662812058909015     
   4.1199999079108238                 -0.48062248818047237     
   4.1299999076873064                 -0.48559900623399149     
   4.1399999074637890                 -0.49290184178787705     
   4.1499999072402716                 -0.50083838638060219     
   4.1599999070167542                 -0.50657331093555302     
   4.1699999067932367                 -0.51019664818102184     
   4.1799999065697193                 -0.52003674805655264     
   4.1899999063462019                 -0.52216318443800691     
   4.1999999061226845                 -0.52748788356621812     
   4.2099999058991671                 -0.53466717048101742     
   4.2199999056756496                 -0.54306854569133811     
   4.2299999054521322                 -0.54864631881577730     
   4.2399999052286148                 -0.55620452161172551     
   4.2499999050050974                 -0.55968220217421361     
   4.2599999047815800                 -0.56915657671123043     
   4.2699999045580626                 -0.56767347048242367     
   4.2799999043345451                 -0.57899626460725284     
   4.2899999041110277                 -0.57356476077103091     
   4.2999999038875103                 -0.58654544947117992     
   4.3099999036639929                 -0.58095953852180804     
   4.3199999034404755                 -0.59389412430015920     
   4.3299999032169580                 -0.59888218099910251     
   4.3399999029934406                 -0.60567538041647606     
   4.3499999027699232                 -0.59408539218545853     
   4.3599999025464058                 -0.63221300222676724     
   4.3699999023228884                 -0.62167220600988504     
   4.3799999020993710                 -0.62837751553852772     
   4.3899999018758535                 -0.63752146792880182     
   4.3999999016523361                 -0.63688507218788259     
   4.4099999014288187                 -0.64849806028390966     
   4.4199999012053013                 -0.64617489492808355     
   4.4299999009817839                 -0.66513803178632092     
   4.4399999007582664                 -0.66108144223223020     
   4.4499999005347490                 -0.67790397033689676     
   4.4599999003112316                 -0.68272428595078394     
   4.4699999000877142                 -0.66202569594157556     
   4.4799998998641968                 -0.69065750989138974     
   4.4899998996406794                 -0.69900916521781087     
   4.4999998994171619                 -0.70438030919461447     
   4.5099998991936445                 -0.70980896809214988     
   4.5199998989701271                 -0.71505061537527570     
   4.5299998987466097                 -0.72031264824563557     
   4.5399998985230923                 -0.72592145064919067     
   4.5499998982995749                 -0.73098346692544491     
   4.5599998980760574                 -0.73611409764100066     
   4.5699998978525400                 -0.74047748593529872     
   4.5799998976290226                 -0.74716803962741574     
   4.5899998974055052                 -0.75198224440020922     
   4.5999998971819878                 -0.75582165850327454     
   4.6099998969584703                 -0.76189046748965017     
   4.6199998967349529                 -0.76678648983701914     
   4.6299998965114355                 -0.77031295912593212     
   4.6399998962879181                 -0.77820827323111774     
   4.6499998960644007                 -0.78095745536041472     
   4.6599998958408833                 -0.78409026498612899     
   4.6699998956173658                 -0.79146588370154047     
   4.6799998953938484                 -0.79393774604349865     
   4.6899998951703310                 -0.80205754992237133     
   4.6999998949468136                 -0.80340151849290775     
   4.7099998947232962                 -0.80803169307416223     
   4.7199998944997787                 -0.81905990410630580     
   4.7299998942762613                 -0.81843665592737336     
   4.7399998940527439                 -0.81825817841852033     
   4.7499998938292265                 -0.82107298659958794     
   4.7599998936057091                 -0.82619632950017530     
   4.7699998933821917                 -0.84400747230817663     
   4.7799998931586742                 -0.83715577350309578     
   4.7899998929351568                 -0.83943015432031809     
   4.7999998927116394                 -0.84329152594641410     
   4.8099998924881220                 -0.84760763683067897     
   4.8199998922646046                 -0.86161921836144262     
   4.8299998920410872                 -0.87993847353342969     
   4.8399998918175697                 -0.87312483621186765     
   4.8499998915940523                 -0.86486885441428296     
   4.8599998913705349                 -0.87667416010395405     
   4.8699998911470175                 -0.87563840390823633     
   4.8799998909235001                 -0.88998648645780998     
   4.8899998906999826                 -0.90354435431452651     
   4.8999998904764652                 -0.87976852374182191     
   4.9099998902529478                 -0.88322632040683458     
   4.9199998900294304                 -0.90443302369247647     
   4.9299998898059130                 -0.90807726975324077     
   4.9399998895823956                 -0.93294268589907114     
   4.9499998893588781                 -0.90510042421843029     
   4.9599998891353607                 -0.88855776482567905     
   4.9699998889118433                 -0.92098173462270272     
   4.9799998886883259                 -0.93554601628347622     
   4.9899998884648085                 -0.91568562220074279     
   4.9999998882412910                 -0.91889597927360167     
   5.0099998880177736                 -0.92203058882566857     
   5.0199998877942562                 -0.92499614283065135     
   5.0299998875707388                 -0.92823688352014944     
   5.0399998873472214                 -0.93085154338419174     
   5.0499998871237040                 -0.93380753150706386     
   5.0599998869001865                 -0.93694415681955334     
   5.0699998866766691                 -0.93894626771187828     
   5.0799998864531517                 -0.94186253053410285     
   5.0899998862296343                 -0.94564397776528264     
   5.0999998860061169                 -0.94789687148992574     
   5.1099998857825994                 -0.94901096810916086     
   5.1199998855590820                 -0.95397285915708541     
   5.1299998853355646                 -0.95290442874414683     
   5.1399998851120472                 -0.95461563890660295     
   5.1499998848885298                 -0.95899514307978317     
   5.1599998846650124                 -0.96358470758606640     
   5.1699998844414949                 -0.96442770184643134     
   5.1799998842179775                 -0.96666841927406877     
   5.1899998839944601                 -0.96515358271347540     
   5.1999998837709427                 -0.96741957803618195     
   5.2099998835474253                 -0.97200863786452130     
   5.2199998833239079                 -0.97318538235439356     
   5.2299998831003904                 -0.98056350051030361     
   5.2399998828768730                 -0.97792111983167040     
   5.2499998826533556                 -0.98102107115178583     
   5.2599998824298382                 -0.98751823671379468     
   5.2699998822063208                 -0.98620281690067013     
   5.2799998819828033                 -0.98108915017232501     
   5.2899998817592859                 -0.97927091637748553     
   5.2999998815357685                 -0.98010038902354546     
   5.3099998813122511                 -0.98438160277492925     
   5.3199998810887337                 -0.99295281686808445     
   5.3299998808652163                 -0.98996904331032509     
   5.3399998806416988                  -1.0007478021876559     
   5.3499998804181814                  -1.0072146680519354     
   5.3599998801946640                  -1.0140618543516664     
   5.3699998799711466                  -1.0012504664671000     
   5.3799998797476292                  -1.0023135461398396     
   5.3899998795241117                  -1.0065062336215600     
   5.3999998793005943                  -1.0076419818387350     
   5.4099998790770769                  -1.0198544368353948     
   5.4199998788535595                  -1.0027514447560262     
   5.4299998786300421                  -1.0191387104267084     
   5.4399998784065247                  -1.0115924410089596     
   5.4499998781830072                  -1.0061277596803770     
   5.4599998779594898                  -1.0187300274517919     
   5.4699998777359724                  -1.0200414278436278     
   5.4799998775124550                  -1.0244996615223878     
   5.4899998772889376                  -1.0106323436419657     
   5.4999998770654202                  -1.0111865803008240     
   5.5099998768419027                  -1.0115852546076105     
   5.5199998766183853                  -1.0121390339442555     
   5.5299998763948679                  -1.0130211362843520     
   5.5399998761713505                  -1.0137704680705573     
   5.5499998759478331                  -1.0135180680112073     
   5.5599998757243156                  -1.0134463933824198     
   5.5699998755007982                  -1.0134532318232685     
   5.5799998752772808                  -1.0136679806032396     
   5.5899998750537634                  -1.0137691645491425     
   5.5999998748302460                  -1.0146410972987032     
   5.6099998746067286                  -1.0133756101561979     
   5.6199998743832111                  -1.0139760623469616     
   5.6299998741596937                  -1.0126547661289789     
   5.6399998739361763                  -1.0130118897518416     
   5.6499998737126589                  -1.0114511384712697     
   5.6599998734891415                  -1.0140883923581103     
   5.6699998732656240                  -1.0127389815179566     
   5.6799998730421066                  -1.0100084201379405     
   5.6899998728185892                  -1.0111665986995906     
   5.6999998725950718                  -1.0094123906197694     
   5.7099998723715544                  -1.0129966307254779     
   5.7199998721480370                  -1.0129639848357612     
   5.7299998719245195                  -1.0077316868730317     
   5.7399998717010021                  -1.0101687107771113     
   5.7499998714774847                  -1.0056753258075017     
   5.7599998712539673                  -1.0095185686315866     
   5.7699998710304499                  -1.0075946609529660     
   5.7799998708069324                  -1.0068198737071756     
   5.7899998705834150                  -1.0173897699988794     
   5.7999998703598976                  -1.0007678638515993     
   5.8099998701363802                  -1.0039642065950019     
   5.8199998699128628                 -0.99829742458258308     
   5.8299998696893454                 -0.99818469642590579     
   5.8399998694658279                 -0.99508694687906740     
   5.8499998692423105                 -0.99116230228606828     
   5.8599998690187931                 -0.99440050108872002     
   5.8699998687952757                 -0.98541449817949855     
   5.8799998685717583                 -0.99346218582233059     
   5.8899998683482409                 -0.98971146671527721     
   5.8999998681247234                 -0.99127754039085181     
   5.9099998679012060                 -0.98199574486449615     
   5.9199998676776886                 -0.98339243343579164     
   5.9299998674541712                 -0.97394164493713109     
   5.9399998672306538                 -0.97990116131751526     
   5.9499998670071363                 -0.99126710753568781     
   5.9599998667836189                 -0.95322220239512023     
   5.9699998665601015                 -0.96111805614334322     
   5.9799998663365841                 -0.98920057738335543     
   5.9899998661130667                 -0.99241585689951461     
   5.9999998658895493                 -0.99129161491146212     
   6.0099998656660318                 -0.98989621023287089     
   6.0199998654425144                 -0.98869449102737683     
   6.0299998652189970                 -0.98752506292545628     
   6.0399998649954796                 -0.98662449699744326     
   6.0499998647719622                 -0.98513886164041575     
   6.0599998645484447                 -0.98224690045686136     
   6.0699998643249273                 -0.98207497093584639     
   6.0799998641014099                 -0.97996103765907727     
   6.0899998638778925                 -0.97947365272687958     
   6.0999998636543751                 -0.97750765496366643     
   6.1099998634308577                 -0.97687873293532357     
   6.1199998632073402                 -0.97468863190220678     
   6.1299998629838228                 -0.97343915467447295     
   6.1399998627603054                 -0.97248969779820071     
   6.1499998625367880                 -0.97173608641237263     
   6.1599998623132706                 -0.96644015227496094     
   6.1699998620897532                 -0.96653353750816351     
   6.1799998618662357                 -0.96646999509732145     
   6.1899998616427183                 -0.96791481175602845     
   6.1999998614192009                 -0.96477471425522854     
   6.2099998611956835                 -0.96086369626020129     
   6.2199998609721661                 -0.95510488333301102     
   6.2299998607486486                 -0.95636694447647430     
   6.2399998605251312                 -0.95420746533049172     
   6.2499998603016138                 -0.95798027190665136     
   6.2599998600780964                 -0.96043253739830226     
   6.2699998598545790                 -0.94445710914989967     
   6.2799998596310616                 -0.94821004686186772     
   6.2899998594075441                 -0.95051766570612672     
   6.2999998591840267                 -0.94713303229360002     
   6.3099998589605093                 -0.93862385080219624     
   6.3199998587369919                 -0.94536699225269538     
   6.3299998585134745                 -0.94371309040310480     
   6.3399998582899570                 -0.94970881168797017     
   6.3499998580664396                 -0.94211291596426161     
   6.3599998578429222                 -0.93890855018235408     
   6.3699998576194048                 -0.93607739521185351     
   6.3799998573958874                 -0.91780631743913776     
   6.3899998571723700                 -0.92539083171072090     
   6.3999998569488525                 -0.93108480077299927     
   6.4099998567253351                 -0.93282430003761496     
   6.4199998565018177                 -0.90400941309793226     
   6.4299998562783003                 -0.93040782200862016     
   6.4399998560547829                 -0.90722802116183454     
   6.4499998558312654                 -0.92512024649678992     
   6.4599998556077480                 -0.91863085626429641     
   6.4699998553842306                 -0.94017494349920416     
   6.4799998551607132                 -0.92104459103942438     
   6.4899998549371958                 -0.91311822079256344     
   6.4999998547136784                 -0.91145874546905747     
   6.5099998544901609                 -0.90997984807030863     
   6.5199998542666435                 -0.90843768204978037     
   6.5299998540431261                 -0.90671778540785264     
   6.5399998538196087                 -0.90510950948853486     
   6.5499998535960913                 -0.90343863904669119     
   6.5599998533725739                 -0.90123046826446274     
   6.5699998531490564                 -0.89925916339023415     
   6.5799998529255390                 -0.89957267895217197     
   6.5899998527020216                 -0.89848499063578335     
   6.5999998524785042                 -0.89603209017983487     
   6.6099998522549868                 -0.89396373489929359     
   6.6199998520314693                 -0.89232260017531972     
   6.6299998518079519                 -0.89135864086826699     
   6.6399998515844345                 -0.89028011882905878     
   6.6499998513609171                 -0.88979435249499372     
   6.6599998511373997                 -0.88773012375003402     
   6.6699998509138823                 -0.88818364048018716     
   6.6799998506903648                 -0.88192962430093846     
   6.6899998504668474                 -0.88006329610962497     
   6.6999998502433300                 -0.88268054928113637     
   6.7099998500198126                 -0.88404402545910465     
   6.7199998497962952                 -0.87936265619741039     
   6.7299998495727777                 -0.87724827973505071     
   6.7399998493492603                 -0.87148973700447818     
   6.7499998491257429                 -0.87594550870589394     
   6.7599998489022255                 -0.87472363902708583     
   6.7699998486787081                 -0.87248732533182494     
   6.7799998484551907                 -0.86767748210165785     
   6.7899998482316732                 -0.87348019858466541     
   6.7999998480081558                 -0.86134785940041914     
   6.8099998477846384                 -0.86344832860521492     
   6.8199998475611210                 -0.87218767446007794     
   6.8299998473376036                 -0.86229000339509876     
   6.8399998471140862                 -0.86490821275221141     
   6.8499998468905687                 -0.84575001912116710     
   6.8599998466670513                 -0.85243451004344650     
   6.8699998464435339                 -0.87416985399023395     
   6.8799998462200165                 -0.84975071290397741     
   6.8899998459964991                 -0.84930849782010720     
   6.8999998457729816                 -0.85778268945091674     
   6.9099998455494642                 -0.84717132186969901     
   6.9199998453259468                 -0.84147360185212194     
   6.9299998451024294                 -0.84383235534681855     
   6.9399998448789120                 -0.82653068864187107     
   6.9499998446553946                 -0.86287304490424988     
   6.9599998444318771                 -0.85467580966012369     
   6.9699998442083597                 -0.85468289140606457     
   6.9799998439848423                 -0.86651564090196553     
   6.9899998437613249                 -0.86070796970722263     
   6.9999998435378075                 -0.86040749030872776     
   7.0099998433142900                 -0.86018684731291495     
   7.0199998430907726                 -0.85997057779753083     
   7.0299998428672552                 -0.85958232942990409     
   7.0399998426437378                 -0.85910031773180817     
   7.0499998424202204                 -0.85984128858164877     
   7.0599998421967030                 -0.85956460387620193     
   7.0699998419731855                 -0.85841153251083724     
   7.0799998417496681                 -0.85794459091202957     
   7.0899998415261507                 -0.85906757407426859     
   7.0999998413026333                 -0.85876609034798823     
   7.1099998410791159                 -0.85944111630424636     
   7.1199998408555984                 -0.85906493677064355     
   7.1299998406320810                 -0.85899243084064481     
   7.1399998404085636                 -0.85902637234987611     
   7.1499998401850462                 -0.85897034666227345     
   7.1599998399615288                 -0.86071666279891579     
   7.1699998397380114                 -0.85935010228975772     
   7.1799998395144939                 -0.85943888592559392     
   7.1899998392909765                 -0.85932192521204664     
   7.1999998390674591                 -0.86067460140498131     
   7.2099998388439417                 -0.86218651856391970     
   7.2199998386204243                 -0.85948723310006081     
   7.2299998383969069                 -0.86158427120515857     
   7.2399998381733894                 -0.86321719648265527     
   7.2499998379498720                 -0.86463348198777101     
   7.2599998377263546                 -0.86394590782453884     
   7.2699998375028372                 -0.86251233049263443     
   7.2799998372793198                 -0.86923829432073307     
   7.2899998370558023                 -0.86948174255420652     
   7.2999998368322849                 -0.86900996051706381     
   7.3099998366087675                 -0.86375753329196647     
   7.3199998363852501                 -0.87154443258407643     
   7.3299998361617327                 -0.87270382651962508     
   7.3399998359382153                 -0.87860257727683366     
   7.3499998357146978                 -0.88021309017815685     
   7.3599998354911804                 -0.85265376692808226     
   7.3699998352676630                 -0.86901529665502486     
   7.3799998350441456                 -0.86733421605153083     
   7.3899998348206282                 -0.85807043484681689     
   7.3999998345971107                 -0.87797175345110723     
   7.4099998343735933                 -0.87047088169192288     
   7.4199998341500759                 -0.88669357910157087     
   7.4299998339265585                 -0.87103891207250239     
   7.4399998337030411                 -0.87136253993037027     
   7.4499998334795237                 -0.90119218954475311     
   7.4599998332560062                 -0.87217029282477321     
   7.4699998330324888                 -0.85962518096762397     
   7.4799998328089714                 -0.88407210693731086     
   7.4899998325854540                 -0.88209934897125897     
   7.4999998323619366                 -0.88314656595475682     
   7.5099998321384192                 -0.88423060824633881     
   7.5199998319149017                 -0.88506811261988871     
   7.5299998316913843                 -0.88637699679523996     
   7.5399998314678669                 -0.88710716692487235     
   7.5499998312443495                 -0.88836744077367036     
   7.5599998310208321                 -0.88930304932011761     
   7.5699998307973146                 -0.89028616547209283     
   7.5799998305737972                 -0.89077982353772656     
   7.5899998303502798                 -0.89254347438777126     
   7.5999998301267624                 -0.89486122156822767     
   7.6099998299032450                 -0.89453214764085154     
   7.6199998296797276                 -0.89547771243034124     
   7.6299998294562101                 -0.89756582750499891     
   7.6399998292326927                 -0.89913019202217304     
   7.6499998290091753                 -0.90182208899941185     
   7.6599998287856579                 -0.89906375913891090     
   7.6699998285621405                 -0.90025163079418458     
   7.6799998283386230                 -0.90265302886293963     
   7.6899998281151056                 -0.90350535860756431     
   7.6999998278915882                 -0.90344959971881456     
   7.7099998276680708                 -0.90811740742678382     
   7.7199998274445534                 -0.90474081909828474     
   7.7299998272210360                 -0.90609865477026330     
   7.7399998269975185                 -0.91400973886899206     
   7.7499998267740011                 -0.91809224551246149     
   7.7599998265504837                 -0.91209947012718318     
   7.7699998263269663                 -0.91759570610027574     
   7.7799998261034489                 -0.90940192861997127     
   7.7899998258799314                 -0.91225995891121059     
   7.7999998256564140                 -0.90991264451670772     
   7.8099998254328966                 -0.91201177218056428     
   7.8199998252093792                 -0.91863703011687692     
   7.8299998249858618                 -0.91250544375243814     
   7.8399998247623444                 -0.91926982308110750     
   7.8499998245388269                 -0.92392227393679327     
   7.8599998243153095                 -0.92909500210208074     
   7.8699998240917921                 -0.90786093858830330     
   7.8799998238682747                 -0.91842669886185457     
   7.8899998236447573                 -0.92025510635674646     
   7.8999998234212399                 -0.94004052259046655     
   7.9099998231977224                 -0.91416733022474850     
   7.9199998229742050                 -0.93126751009156583     
   7.9299998227506876                 -0.94532932809767045     
   7.9399998225271702                 -0.93781196936817679     
   7.9499998223036528                 -0.92806416715879070     
   7.9599998220801353                 -0.91977595608414475     
   7.9699998218566179                 -0.93219030466737185     
   7.9799998216331005                 -0.93902249722282061     
   7.9899998214095831                 -0.92783910438321426     
   7.9999998211860657                 -0.92820957787944525     
   8.0099998209625483                 -0.92870346143216764     
   8.0199998207390308                 -0.92903094081478965     
   8.0299998205155134                 -0.92942053941388469     
   8.0399998202919960                 -0.92948270933560184     
   8.0499998200684786                 -0.93025203462484407     
   8.0599998198449612                 -0.92989198540411955     
   8.0699998196214437                 -0.92947107790868078     
   8.0799998193979263                 -0.93084371607120464     
   8.0899998191744089                 -0.93151786031311878     
   8.0999998189508915                 -0.93125587357432305     
   8.1099998187273741                 -0.92968316514182958     
   8.1199998185038567                 -0.93038938822718997     
   8.1299998182803392                 -0.92877939613307170     
   8.1399998180568218                 -0.93029789462951396     
   8.1499998178333044                 -0.92619439294858552     
   8.1599998176097870                 -0.92953834607073560     
   8.1699998173862696                 -0.92776871914428871     
   8.1799998171627522                 -0.92403278075081419     
   8.1899998169392347                 -0.92826944646476639     
   8.1999998167157173                 -0.92718487054960397     
   8.2099998164921999                 -0.92492763515123733     
   8.2199998162686825                 -0.92274528553720969     
   8.2299998160451651                 -0.92947041369586003     
   8.2399998158216476                 -0.92424492145312631     
   8.2499998155981302                 -0.92324035393476289     
   8.2599998153746128                 -0.91718507809976002     
   8.2699998151510954                 -0.92495551260521536     
   8.2799998149275780                 -0.92054044039690863     
   8.2899998147040606                 -0.91924686513800036     
   8.2999998144805431                 -0.91513486104257458     
   8.3099998142570257                 -0.91777132716282306     
   8.3199998140335083                 -0.92013365569796701     
   8.3299998138099909                 -0.91393280979722036     
   8.3399998135864735                 -0.91156236680806824     
   8.3499998133629560                 -0.91072224838724980     
   8.3599998131394386                 -0.89794914433269546     
   8.3699998129159212                 -0.91979606482611731     
   8.3799998126924038                 -0.91343499571036657     
   8.3899998124688864                 -0.89561737356204141     
   8.3999998122453690                 -0.90298652091627662     
   8.4099998120218515                 -0.91076758529161150     
   8.4199998117983341                 -0.91361890829390047     
   8.4299998115748167                 -0.91470188539431563     
   8.4399998113512993                 -0.90198978136982688     
   8.4499998111277819                 -0.89533310248444753     
   8.4599998109042645                 -0.87922653140062834     
   8.4699998106807470                 -0.88562081986705954     
   8.4799998104572296                 -0.87755799877238461     
   8.4899998102337122                 -0.87140048759341127     
   8.4999998100101948                 -0.86826680324188132     
   8.5099998097866774                 -0.86494570740923671     
   8.5199998095631599                 -0.86192198887020244     
   8.5299998093396425                 -0.85835717775150033     
   8.5399998091161251                 -0.85394163912992860     
   8.5499998088926077                 -0.85117302827969865     
   8.5599998086690903                 -0.84769210217836477     
   8.5699998084455729                 -0.84382499865556881     
   8.5799998082220554                 -0.83921982576933019     
   8.5899998079985380                 -0.83588994558075680     
   8.5999998077750206                 -0.83145269552808787     
   8.6099998075515032                 -0.82778833289735609     
   8.6199998073279858                 -0.82346530333663837     
   8.6299998071044683                 -0.81680266839138793     
   8.6399998068809509                 -0.81323716378345456     
   8.6499998066574335                 -0.80957415448801406     
   8.6599998064339161                 -0.80254608514251580     
   8.6699998062103987                 -0.80044498752968563     
   8.6799998059868813                 -0.79459487560107578     
   8.6899998057633638                 -0.78774736461536976     
   8.6999998055398464                 -0.78586136861326794     
   8.7099998053163290                 -0.77875086709537233     
   8.7199998050928116                 -0.77752944737049190     
   8.7299998048692942                 -0.76931627928883617     
   8.7399998046457767                 -0.76005259734082586     
   8.7499998044222593                 -0.75877957875486179     
   8.7599998041987419                 -0.75586867317616813     
   8.7699998039752245                 -0.74984434356790719     
   8.7799998037517071                 -0.74311864788370430     
   8.7899998035281897                 -0.73238674134762316     
   8.7999998033046722                 -0.72848175062944942     
   8.8099998030811548                 -0.71977662027243239     
   8.8199998028576374                 -0.71902059702252552     
   8.8299998026341200                 -0.70008564947466156     
   8.8399998024106026                 -0.70962714218585443     
   8.8499998021870852                 -0.68400098289488265     
   8.8599998019635677                 -0.68993511726427514     
   8.8699998017400503                 -0.67857186725829954     
   8.8799998015165329                 -0.66631958064015229     
   8.8899998012930155                 -0.67374779546109420     
   8.8999998010694981                 -0.65190003821261067     
   8.9099998008459806                 -0.66798106595298568     
   8.9199998006224632                 -0.66254654072857333     
   8.9299998003989458                 -0.64261498402970108     
   8.9399998001754284                 -0.63428473847721589     
   8.9499997999519110                 -0.60932972395898555     
   8.9599997997283936                 -0.61607403639155534     
   8.9699997995048761                 -0.61433096014036648     
   8.9799997992813587                 -0.60071869801959565     
   8.9899997990578413                 -0.59355617963436214     
   8.9999997988343239                 -0.58552870519015687     
   9.0099997986108065                 -0.57746104809594467     
   9.0199997983872890                 -0.56936750693655136     
   9.0299997981637716                 -0.56140815489715956     
   9.0399997979402542                 -0.55223255730237442     
   9.0499997977167368                 -0.54435521565643241     
   9.0599997974932194                 -0.53612260667201295     
   9.0699997972697020                 -0.52706094032377437     
   9.0799997970461845                 -0.51918663915191787     
   9.0899997968226671                 -0.51067076806461031     
   9.0999997965991497                 -0.50138542091425264     
   9.1099997963756323                 -0.49187385321550353     
   9.1199997961521149                 -0.48277638366087350     
   9.1299997959285975                 -0.47448470784401581     
   9.1399997957050800                 -0.46535880882565772     
   9.1499997954815626                 -0.45612649498844543     
   9.1599997952580452                 -0.44470994321772889     
   9.1699997950345278                 -0.43936127710423772     
   9.1799997948110104                 -0.42864413330776668     
   9.1899997945874929                 -0.41698303827326788     
   9.1999997943639755                 -0.41064530355472045     
   9.2099997941404581                 -0.39831338046935266     
   9.2199997939169407                 -0.38978041025606147     
   9.2299997936934233                 -0.38286123534174099     
   9.2399997934699059                 -0.37279249144967475     
   9.2499997932463884                 -0.35792940687786540     
   9.2599997930228710                 -0.34777367416929966     
   9.2699997927993536                 -0.34707505116302645     
   9.2799997925758362                 -0.33089627881429201     
   9.2899997923523188                 -0.32871527339110029     
   9.2999997921288013                 -0.30532106620061350     
   9.3099997919052839                 -0.30596986677156157     
   9.3199997916817665                 -0.30016571838724843     
   9.3299997914582491                 -0.28536850719920215     
   9.3399997912347317                 -0.27823756149272921     
   9.3499997910112143                 -0.25446411725630064     
   9.3599997907876968                 -0.25145979504398575     
   9.3699997905641794                 -0.24375142610859016     
   9.3799997903406620                 -0.21535400600544050     
   9.3899997901171446                 -0.22416985906174369     
   9.3999997898936272                 -0.20648494461298644     
   9.4099997896701097                 -0.18238211743376259     
   9.4199997894465923                 -0.20059336617372867     
   9.4299997892230749                 -0.18479514127983312     
   9.4399997889995575                 -0.13506163655714534     
   9.4499997887760401                 -0.15309537026148920     
   9.4599997885525227                 -0.14458632408930955     
   9.4699997883290052                 -0.13842796858640807     
   9.4799997881054878                 -0.14376425262606884     
   9.4899997878819704                 -0.13110136450602178     
   9.4999997876584530                 -0.12145896771533786     
   9.5099997874349356                 -0.11168930768371764     
   9.5199997872114182                 -0.10244538417471952     
   9.5299997869879007                  -9.2550738232434496E-002
   9.5399997867643833                  -8.2954233586893994E-002
   9.5499997865408659                  -7.4129666517781106E-002
   9.5599997863173485                  -6.4234522529990234E-002
   9.5699997860938311                  -5.4395009501706892E-002
   9.5799997858703136                  -4.5845488221902896E-002
   9.5899997856467962                  -3.5094175196711798E-002
   9.5999997854232788                  -2.7293891318697847E-002
   9.6099997851997614                  -1.8149847672563908E-002
   9.6199997849762440                  -8.0265831789023863E-003
   9.6299997847527266                   4.0910327967052135E-004
   9.6399997845292091                   9.6504391039560367E-003
   9.6499997843056917                   2.0138773657919405E-002
   9.6599997840821743                   2.9306399748511409E-002
   9.6699997838586569                   3.8894090764041801E-002
   9.6799997836351395                   4.3830642216955311E-002
   9.6899997834116220                   5.7735506505432840E-002
   9.6999997831881046                   6.1451482127750992E-002
   9.7099997829645872                   6.9374497381437472E-002
   9.7199997827410698                   8.1947940857425225E-002
   9.7299997825175524                   8.9075098458054031E-002
   9.7399997822940350                  0.10086641986496149     
   9.7499997820705175                  0.10955535258709594     
   9.7599997818470001                  0.11450662552465760     
   9.7699997816234827                  0.12350540754614918     
   9.7799997813999653                  0.12575353609159529     
   9.7899997811764479                  0.13445820462754501     
   9.7999997809529305                  0.14518912193353242     
   9.8099997807294130                  0.15051197966948981     
   9.8199997805058956                  0.15968919598520981     
   9.8299997802823782                  0.16791399833963386     
   9.8399997800588608                  0.16987005717036249     
   9.8499997798353434                  0.18395385188705066     
   9.8599997796118259                  0.19197162957525460     
   9.8699997793883085                  0.19925665658867817     
   9.8799997791647911                  0.20412404332013631     
   9.8899997789412737                  0.21674438719017594     
   9.8999997787177563                  0.21749009254636381     
   9.9099997784942389                  0.21460313250957344     
   9.9199997782707214                  0.22876043176028243     
   9.9299997780472040                  0.24351970584317048     
   9.9399997778236866                  0.23356018287006433     
   9.9499997776001692                  0.24583731313426430     
   9.9599997773766518                  0.24261660744601574     
   9.9699997771531343                  0.25368089545922118     
   9.9799997769296169                  0.25880578115223413     
   9.9899997767060995                  0.25890624753808000     
