#      Sinshear results        
#------------------------------
#Number of Processor's used   :    20
#Number of Fourier Modes in X :    21
#Number of Fourier Modes in Y :    11
#Kx                           :     0.500
#Ky                           :     1.000
#Reynolds   Number            : 10000.000
#Reynolds   Number            : 10000.000
#Peclet     Number            : 10000.000
#Richardson Number            :   100.000
#Floquet Coefficient          :     0.000
#A                            :     1.000
      0.000000001000      0.385140259571
      0.204081633633      0.385190080690
      0.408163266265      0.385350188851
      0.612244898898      0.385652201964
      0.816326531531      0.386147712674
      1.020408164163      0.386906436677
      1.224489796796      0.388013140770
      1.428571429429      0.389562815767
      1.632653062061      0.391653727611
      1.836734694694      0.394378561751
      2.040816327327      0.397814575708
      2.244897959959      0.402014251593
      2.448979592592      0.406998216929
      2.653061225224      0.412751917803
      2.857142857857      0.419226557903
      3.061224490490      0.426343261193
      3.265306123122      0.433997275673
      3.469387755755      0.442057800319
      3.673469388388      0.450372245997
      3.877551021020      0.458805646742
      4.081632653653      0.467264540501
      4.285714286286      0.475663160836
      4.489795918918      0.483912269382
      4.693877551551      0.491910780939
      4.897959184184      0.499558397954
      5.102040816816      0.506788732805
      5.306122449449      0.513582929211
      5.510204082082      0.519931270135
      5.714285714714      0.525772922750
      5.918367347347      0.531009225392
      6.122448979980      0.535569077388
      6.326530612612      0.539438609774
      6.530612245245      0.542647186970
      6.734693877878      0.545246422569
      6.938775510510      0.547300609810
      7.142857143143      0.548881306372
      7.346938775776      0.550056640046
      7.551020408408      0.550870629363
      7.755102041041      0.551319414289
      7.959183673673      0.551347897524
      8.163265306306      0.550880164784
      8.367346938939      0.549864377142
      8.571428571571      0.548301323528
      8.775510204204      0.546243677224
      8.979591836837      0.543773780084
      9.183673469469      0.540978873934
      9.387755102102      0.537943393759
      9.591836734735      0.534764561200
      9.795918367367      0.531575957461
     10.000000000000      0.528553459330
