   0.0000000000000000                   0.0000000000000000     
   5.0000000745058060E-002              0.0000000000000000     
  0.10000000149011612                   0.0000000000000000     
  0.15000000223517418                   1.5913391437123945E-004
  0.20000000298023224                   6.2396804652311720E-004
  0.25000000372529030                   1.5266211400335919E-003
  0.30000000447034836                   2.9833347923415316E-003
  0.35000000521540642                   5.0932582062491617E-003
  0.40000000596046448                   7.9373471608638630E-003
  0.45000000670552254                   1.1577510834046406E-002
  0.50000000745058060                   1.6056108312260012E-002
  0.55000000819563866                   2.1395601389669821E-002
  0.60000000894069672                   2.7598464109838204E-002
  0.65000000968575478                   3.4647369115935751E-002
  0.70000001043081284                   4.2505615964236867E-002
  0.75000001117587090                   5.1117751721525995E-002
  0.80000001192092896                   6.0410445194874395E-002
  0.85000001266598701                   7.0293559219792245E-002
  0.90000001341104507                   8.0661403264211395E-002
  0.95000001415610313                   9.1394150863795556E-002
   1.0000000149011612                  0.10235941888761241     
   1.0500000156462193                  0.11341395786160804     
   1.1000000163912773                  0.12440544712026072     
   1.1500000171363354                  0.13517436753537260     
   1.2000000178813934                  0.14555592895974087     
   1.2500000186264515                  0.15538201984330538     
   1.3000000193715096                  0.16448316656285789     
   1.3500000201165676                  0.17269047192494258     
   1.4000000208616257                  0.17983751353989821     
   1.4500000216066837                  0.18576217967079517     
   1.5000000223517418                  0.19030842749860663     
   1.5500000230967999                  0.19332794198211534     
   1.6000000238418579                  0.19468168359106966     
   1.6500000245869160                  0.19424131032800815     
   1.7000000253319740                  0.19189046456271378     
   1.7500000260770321                  0.18752591435710886     
   1.8000000268220901                  0.18105854507785268     
   1.8500000275671482                  0.17241419571145139     
   1.9000000283122063                  0.16153433885675980     
   1.9500000290572643                  0.14837660372471911     
   2.0000000298023224                  0.13291514493922640     
   2.0500000305473804                  0.11514085982921102     
   2.1000000312924385                   9.5061460016407764E-002
   2.1500000320374966                   7.2701403193909789E-002
   2.2000000327825546                   4.8101692932920062E-002
   2.2500000335276127                   2.1319554380546200E-002
   2.3000000342726707                  -7.5720048297542013E-003
   2.3500000350177288                  -3.8484739478139837E-002
   2.4000000357627869                  -7.1315807709792664E-002
   2.4500000365078449                 -0.10594849871888666     
   2.5000000372529030                 -0.14225303759670660     
   2.5500000379979610                 -0.18008745848099800     
   2.6000000387430191                 -0.21929853722436410     
   2.6500000394880772                 -0.25972277561284046     
   2.7000000402331352                 -0.30118742953877514     
   2.7500000409781933                 -0.34351157437733354     
   2.8000000417232513                 -0.38650720128246174     
   2.8500000424683094                 -0.42998033892833076     
   2.9000000432133675                 -0.47373219568991709     
   2.9500000439584255                 -0.51756031791404489     
   3.0000000447034836                 -0.56125976029625768     
   3.0500000454485416                 -0.60462426483735288     
   3.1000000461935997                 -0.64744744503188090     
   3.1500000469386578                 -0.68952397214867467     
   3.2000000476837158                 -0.73065076042709731     
   3.2500000484287739                 -0.77062814796022172     
   3.3000000491738319                 -0.80926106977429479     
   3.3500000499188900                 -0.84636021932668326     
   3.4000000506639481                 -0.88174319419163516     
   3.4500000514090061                 -0.91523562123171021     
   3.5000000521540642                 -0.94667225597065463     
   3.5500000528991222                 -0.97589805030953392     
   3.6000000536441803                  -1.0027691821011409     
   3.6500000543892384                  -1.0271540395175089     
   3.7000000551342964                  -1.0489341525743587     
   3.7500000558793545                  -1.0680050636949474     
   3.8000000566244125                  -1.0842771287822994     
   3.8500000573694706                  -1.0976762399883642     
   3.9000000581145287                  -1.1081444612073308     
   3.9500000588595867                  -1.1156405673281984     
   4.0000000596046448                  -1.1201404784482405     
   4.0500000603497028                  -1.1216375806094605     
   4.1000000610947609                  -1.1201429251626345     
   4.1500000618398190                  -1.1156852996092141     
   4.2000000625848770                  -1.1083111637043221     
   4.2500000633299351                  -1.0980844457316112     
   4.3000000640749931                  -1.0850861951613626     
   4.3500000648200512                  -1.0694140893716824     
   4.4000000655651093                  -1.0511817937212835     
   4.4500000663101673                  -1.0305181759951092     
   4.5000000670552254                  -1.0075663780677528     
   4.5500000678002834                 -0.98248274951972070     
   4.6000000685453415                 -0.95543564986085072     
   4.6500000692903996                 -0.92660412793341573     
   4.7000000700354576                 -0.89617648894561652     
   4.7500000707805157                 -0.86434876139150085     
   4.8000000715255737                 -0.83132307780769732     
   4.8500000722706318                 -0.79730598486863735     
   4.9000000730156898                 -0.76250669969565354     
   4.9500000737607479                 -0.72713533042322520     
   5.0000000745058060                 -0.69140107999950107     
   5.0500000752508640                 -0.65551045287642307     
   5.1000000759959221                 -0.61966548464764315     
   5.1500000767409801                 -0.58406201480716480     
   5.2000000774860382                 -0.54888802261878633     
   5.2500000782310963                 -0.51432204560342609     
   5.3000000789761543                 -0.48053169936988821     
   5.3500000797212124                 -0.44767231644286604     
   5.4000000804662704                 -0.41588572039268235     
   5.4500000812113285                 -0.38529914996320919     
   5.5000000819563866                 -0.35602434605052147     
   5.5500000827014446                 -0.32815681233316363     
   5.6000000834465027                 -0.30177525812691225     
   5.6500000841915607                 -0.27694122966791951     
   5.7000000849366188                 -0.25369893355575301     
   5.7500000856816769                 -0.23207525355210060     
   5.8000000864267349                 -0.21207995937272253     
   5.8500000871717930                 -0.19370610357128334     
   5.9000000879168510                 -0.17693060013511183     
   5.9500000886619091                 -0.16171497603494991     
   6.0000000894069672                 -0.14800628473156277     
   6.0500000901520252                 -0.13573816857747328     
   6.1000000908970833                 -0.12483205519446480     
   6.1500000916421413                 -0.11519847128555541     
   6.2000000923871994                 -0.10673845597812506     
   6.2500000931322575                  -9.9345054712313405E-002
   6.3000000938773155                  -9.2904873900059012E-002
   6.3500000946223736                  -8.7299676094300505E-002
   6.4000000953674316                  -8.2407995228476194E-002
   6.4500000961124897                  -7.8106751611690381E-002
   6.5000000968575478                  -7.4272846787502789E-002
   6.5500000976026058                  -7.0784719071857391E-002
   6.6000000983476639                  -6.7523841560926473E-002
   6.6500000990927219                  -6.4376145620903158E-002
   6.7000000998377800                  -6.1233354313333904E-002
   6.7500001005828381                  -5.7994211842348257E-002
   6.8000001013278961                  -5.4565596902208448E-002
   6.8500001020729542                  -5.0863509720940829E-002
   6.9000001028180122                  -4.6813924602953291E-002
   6.9500001035630703                  -4.2353501834309283E-002
   7.0000001043081284                  -3.7430154892535053E-002
   7.0500001050531864                  -3.2003470963014959E-002
   7.1000001057982445                  -2.6044984772096227E-002
   7.1500001065433025                  -1.9538307670929761E-002
   7.2000001072883606                  -1.2479115714378616E-002
   7.2500001080334187                  -4.8750021497315308E-003
   7.3000001087784767                   3.2547987622589215E-003
   7.3500001095235348                   1.1879808345114106E-002
   7.4000001102685928                   2.0958811143837273E-002
   7.4500001110136509                   3.0440463298034161E-002
   7.5000001117587090                   4.0263990635008684E-002
   7.5500001125037670                   5.0359964967654387E-002
   7.6000001132488251                   6.0651146792792550E-002
   7.6500001139938831                   7.1053382499311007E-002
   7.7000001147389412                   8.1476544300994796E-002
   7.7500001154839993                   9.1825501391795808E-002
   7.8000001162290573                  0.10200111126390909     
   7.8500001169741154                  0.11190122071130504     
   7.9000001177191734                  0.12142166674119483     
   7.9500001184642315                  0.13045726840972488     
   8.0000001192092896                  0.13890280146159437     
   8.0500001199543476                  0.14665394856160033     
   8.1000001206994057                  0.15360821883499753     
   8.1500001214444637                  0.15966583135956613     
   8.2000001221895218                  0.16473055815338769     
   8.2500001229345798                  0.16871052305842701     
   8.3000001236796379                  0.17151895371333400     
   8.3500001244246960                  0.17307488452435169     
   8.4000001251697540                  0.17330380916878224     
   8.4500001259148121                  0.17213828169227216     
   8.5000001266598701                  0.16951846568373180     
   8.5500001274049282                  0.16539263132789464     
   8.6000001281499863                  0.15971760034660532     
   8.6500001288950443                  0.15245913895039567     
   8.7000001296401024                  0.14359229893930603     
   8.7500001303851604                  0.13310170702654561     
   8.8000001311302185                  0.12098180232321465     
   8.8500001318752766                  0.10723702173172307     
   8.9000001326203346                   9.1881932766135876E-002
   8.9500001333653927                   7.4941313066973728E-002
   9.0000001341104507                   5.6450175624145969E-002
   9.0500001348555088                   3.6453738482942082E-002
   9.1000001356005669                   1.5007337502204085E-002
   9.1500001363456249                  -7.8237194221216309E-003
   9.2000001370906830                  -3.1964358345353168E-002
   9.2500001378357410                  -5.7330007163024839E-002
   9.3000001385807991                  -8.3826927009827648E-002
   9.3500001393258572                 -0.11135260859916075     
   9.4000001400709152                 -0.13979623464954463     
   9.4500001408159733                 -0.16903920915118609     
   9.5000001415610313                 -0.19895575372462349     
   9.5500001423060894                 -0.22941357071705137     
   9.6000001430511475                 -0.26027457197727938     
   9.6500001437962055                 -0.29139567145708745     
   9.7000001445412636                 -0.32262963891769830     
   9.7500001452863216                 -0.35382601109057382     
   9.8000001460313797                 -0.38483205566948919     
   9.8500001467764378                 -0.41549378251554930     
   9.9000001475214958                 -0.44565699545973314     
   9.9500001482665539                 -0.47516837711098714     
   10.000000149011612                 -0.50387659814470842     
   10.050000149756670                 -0.53163344167955384     
   10.100000150501728                 -0.55829493257227936     
   10.150000151246786                 -0.58372246079212065     
   10.200000151991844                 -0.60778388749789269     
   10.250000152736902                 -0.63035462205030668     
   10.300000153481960                 -0.65131865796431010     
   10.350000154227018                 -0.67056955575400468     
   10.400000154972076                 -0.68801136075515035     
   10.450000155717134                 -0.70355944433321338     
   10.500000156462193                 -0.71714125740047985     
   10.550000157207251                 -0.72869698587226794     
   10.600000157952309                 -0.73818009858424338     
   10.650000158697367                 -0.74555777926099565     
   10.700000159442425                 -0.75081123535743000     
   10.750000160187483                 -0.75393587797279016     
   10.800000160932541                 -0.75494136854267690     
   10.850000161677599                 -0.75385152962487112     
   10.900000162422657                 -0.75070411878529852     
   10.950000163167715                 -0.74555046633431177     
   11.000000163912773                 -0.73845497943239791     
   11.050000164657831                 -0.72949451684932221     
   11.100000165402889                 -0.71875764039212442     
   11.150000166147947                 -0.70634375068605781     
   11.200000166893005                 -0.69236211657006075     
   11.250000167638063                 -0.67693080882760692     
   11.300000168383121                 -0.66017555028960129     
   11.350000169128180                 -0.64222849549557781     
   11.400000169873238                 -0.62322695406284134     
   11.450000170618296                 -0.60331207267364473     
   11.500000171363354                 -0.58262749113481149     
   11.550000172108412                 -0.56131798828303270     
   11.600000172853470                 -0.53952813359698737     
   11.650000173598528                 -0.51740096023317295     
   11.700000174343586                 -0.49507667482868262     
   11.750000175088644                 -0.47269141881799559     
   11.800000175833702                 -0.45037609520289940     
   11.850000176578760                 -0.42825527370938221     
   11.900000177323818                 -0.40644618608053334     
   11.950000178068876                 -0.38505782191102522     
   12.000000178813934                 -0.36419013395008071     
   12.050000179558992                 -0.34393336021156928     
   12.100000180304050                 -0.32436746855926868     
   12.150000181049109                 -0.30556172771074963     
   12.200000181794167                 -0.28757440685370506     
   12.250000182539225                 -0.27045260432278795     
   12.300000183284283                 -0.25423220407152397     
   12.350000184029341                 -0.23893795701994017     
   12.400000184774399                 -0.22458368278992252     
   12.450000185519457                 -0.21117258588066665     
   12.500000186264515                 -0.19869767900712815     
   12.550000187009573                 -0.18714230514349794     
   12.600000187754631                 -0.17648074879667430     
   12.650000188499689                 -0.16667892619336663     
   12.700000189244747                 -0.15769514340721016     
   12.750000189989805                 -0.14948091098384717     
   12.800000190734863                 -0.14198180334347085     
   12.850000191479921                 -0.13513835114940229     
   12.900000192224979                 -0.12888695492202623     
   12.950000192970037                 -0.12316080844077713     
   13.000000193715096                 -0.11789082090081597     
   13.050000194460154                 -0.11300652736091682     
   13.100000195205212                 -0.10843697771797486     
   13.150000195950270                 -0.10411159525269394     
   13.200000196695328                  -9.9960996690245732E-002
   13.250000197440386                  -9.5917766687902875E-002
   13.300000198185444                  -9.1917180677253824E-002
   13.350000198930502                  -8.7897871030026511E-002
   13.400000199675560                  -8.3802432562659984E-002
   13.450000200420618                  -7.9577964425348507E-002
   13.500000201165676                  -7.5176546417433029E-002
   13.550000201910734                  -7.0555648715504363E-002
   13.600000202655792                  -6.5678474878193852E-002
   13.650000203400850                  -6.0514238789423802E-002
   13.700000204145908                  -5.5038376909430656E-002
   13.750000204890966                  -4.9232697812366645E-002
   13.800000205636024                  -4.3085471495675938E-002
   13.850000206381083                  -3.6591461347434975E-002
   13.900000207126141                  -2.9751901953870612E-002
   13.950000207871199                  -2.2574426123366083E-002
   14.000000208616257                  -1.5072944600929778E-002
   14.050000209361315                  -7.2674819560649626E-003
   14.100000210106373                   8.1602794306054511E-004
   14.150000210851431                   9.1459835939292546E-003
   14.200000211596489                   1.7685391579911284E-002
   14.250000212341547                   2.6392173497862985E-002
   14.300000213086605                   3.5219501505689449E-002
   14.350000213831663                   4.4116160176445658E-002
   14.400000214576721                   5.3026932618198977E-002
   14.450000215321779                   6.1893009076667206E-002
   14.500000216066837                   7.0652416468010279E-002
   14.550000216811895                   7.9240467480810442E-002
   14.600000217556953                   8.7590228029532508E-002
   14.650000218302011                   9.5633001928758635E-002
   14.700000219047070                  0.10329883168243044     
   14.750000219792128                  0.11051701424158659     
   14.800000220537186                  0.11721663047632587     
   14.850000221282244                  0.12332708693394687     
   14.900000222027302                  0.12877866821870804     
   14.950000222772360                  0.13350309803492691     
   15.000000223517418                  0.13743410659178715     
   15.050000224262476                  0.14050800168472979     
   15.100000225007534                  0.14266424035580694     
   15.150000225752592                  0.14384599760638173     
   15.200000226497650                  0.14400072820363272     
   15.250000227242708                  0.14308071720174143     
   15.300000227987766                  0.14104361440403648     
   15.350000228732824                  0.13785294763833486     
   15.400000229477882                  0.13347860941845377     
   15.450000230222940                  0.12789731133378252     
   15.500000230967999                  0.12109300035818436     
   15.550000231713057                  0.11305723121015882     
   15.600000232458115                  0.10378948893717869     
   15.650000233203173                   9.3297456045435850E-002
   15.700000233948231                   8.1597218756642220E-002
   15.750000234693289                   6.8713407348375721E-002
   15.800000235438347                   5.4679266023531424E-002
   15.850000236183405                   3.9536648354942694E-002
   15.900000236928463                   2.3335935057784033E-002
   15.950000237673521                   6.1358716470303540E-003
   16.000000238418579                  -1.1996675570316031E-002
   16.050000239163637                  -3.0987045750896780E-002
   16.100000239908695                  -5.0753191573032416E-002
   16.150000240653753                  -7.1206167579159138E-002
   16.200000241398811                  -9.2250696185839268E-002
   16.250000242143869                 -0.11378580763807834     
   16.300000242888927                 -0.13570554909024521     
   16.350000243633986                 -0.15789975693334016     
   16.400000244379044                 -0.18025488547747723     
   16.450000245124102                 -0.20265488415851912     
   16.500000245869160                 -0.22498211458719858     
   16.550000246614218                 -0.24711829801485263     
   16.600000247359276                 -0.26894548316750311     
   16.650000248104334                 -0.29034702391286321     
   16.700000248849392                 -0.31120855588408108     
   16.750000249594450                 -0.33141896099825735     
   16.800000250339508                 -0.35087130878288503     
   16.850000251084566                 -0.36946376356237270     
   16.900000251829624                 -0.38710044685979267     
   16.950000252574682                 -0.40369224483303467     
   17.000000253319740                 -0.41915755118379161     
   17.050000254064798                 -0.43342293674356319     
   17.100000254809856                 -0.44642373784175243     
   17.150000255554914                 -0.45810455658308225     
   17.200000256299973                 -0.46841966728888296     
   17.250000257045031                 -0.47733332457129096     
   17.300000257790089                 -0.48481996979145864     
   17.350000258535147                 -0.49086433398171514     
   17.400000259280205                 -0.49546143666562564     
   17.450000260025263                 -0.49861648136707248     
   17.500000260770321                 -0.50034464993782968     
   17.550000261515379                 -0.50067079913107959     
   17.600000262260437                 -0.49962906408520430     
   17.650000263005495                 -0.49726237453849048     
   17.700000263750553                 -0.49362189065321077     
   17.750000264495611                 -0.48876636627089909     
   17.800000265240669                 -0.48276144823572120     
   17.850000265985727                 -0.47567892109829918     
   17.900000266730785                 -0.46759590703944048     
   17.950000267475843                 -0.45859403122597858     
   18.000000268220901                 -0.44875856302620082     
   18.050000268965960                 -0.43817754356984778     
   18.100000269711018                 -0.42694091003994877     
   18.150000270456076                 -0.41513962683607247     
   18.200000271201134                 -0.40286483335876633     
   18.250000271946192                 -0.39020701764326743     
   18.300000272691250                 -0.37725522442935466     
   18.350000273436308                 -0.36409630550771621     
   18.400000274181366                 -0.35081421934720719     
   18.450000274926424                 -0.33748938609885298     
   18.500000275671482                 -0.32419810310924951     
   18.550000276416540                 -0.31101202507642461     
   18.600000277161598                 -0.29799771196366598     
   18.650000277906656                 -0.28521624676942731     
   18.700000278651714                 -0.27272292425171180     
   18.750000279396772                 -0.26056701073985289     
   18.800000280141830                 -0.24879157425065182     
   18.850000280886889                 -0.23743338327312644     
   18.900000281631947                 -0.22652287180862832     
   18.950000282377005                 -0.21608416756077212     
   19.000000283122063                 -0.20613517957033750     
   19.050000283867121                 -0.19668774108967374     
   19.100000284612179                 -0.18774780309250771     
   19.150000285357237                 -0.17931567351950400     
   19.200000286102295                 -0.17138629716630494     
   19.250000286847353                 -0.16394957102582722     
   19.300000287592411                 -0.15699068989506623     
   19.350000288337469                 -0.15049051714153058     
   19.400000289082527                 -0.14442597568709567     
   19.450000289827585                 -0.13877045449760794     
   19.500000290572643                 -0.13349422615403073     
   19.550000291317701                 -0.12856487141359096     
   19.600000292062759                 -0.12394770703511140     
   19.650000292807817                 -0.11960621352920746     
   19.700000293552876                 -0.11550245988917326     
   19.750000294297934                 -0.11159752275052118     
   19.800000295042992                 -0.10785189780535502     
   19.850000295788050                 -0.10422590165212391     
   19.900000296533108                 -0.10068006258311310     
   19.950000297278166                  -9.7175499093977741E-002
   20.000000298023224                  -9.3674285135974519E-002
   20.050000298768282                  -9.0139801318225021E-002
   20.100000299513340                  -8.6537071402024976E-002
   20.150000300258398                  -8.2833083511332131E-002
   20.200000301003456                  -7.8997095514305227E-002
   20.250000301748514                  -7.5000924012992812E-002
   20.300000302493572                  -7.0819216316426750E-002
   20.350000303238630                  -6.6429704672338719E-002
   20.400000303983688                  -6.1813441901622808E-002
   20.450000304728746                  -5.6955017425694920E-002
   20.500000305473804                  -5.1842752509044306E-002
   20.550000306218863                  -4.6468873367088305E-002
   20.600000306963921                  -4.0829660622775779E-002
   20.650000307708979                  -3.4925573444102638E-002
   20.700000308454037                  -2.8761346568415811E-002
   20.750000309199095                  -2.2346058327176375E-002
   20.800000309944153                  -1.5693167735037802E-002
   20.850000310689211                  -8.8205187069644933E-003
   20.900000311434269                  -1.7503095227346689E-003
   20.950000312179327                   5.4909742258039537E-003
   21.000000312924385                   1.2872664789832159E-002
   21.050000313669443                   2.0360056861667343E-002
   21.100000314414501                   2.7914592647483284E-002
   21.150000315159559                   3.5494088074676106E-002
   21.200000315904617                   4.3053000363686700E-002
   21.250000316649675                   5.0542736710768595E-002
   21.300000317394733                   5.7912003298941826E-002
   21.350000318139791                   6.5107193287841689E-002
   21.400000318884850                   7.2072811839301781E-002
   21.450000319629908                   7.8751935625346006E-002
   21.500000320374966                   8.5086703650710568E-002
   21.550000321120024                   9.1018835615590321E-002
   21.600000321865082                   9.6490173458854939E-002
   21.650000322610140                  0.10144324117041241     
   21.700000323355198                  0.10582181745637702     
   21.750000324100256                  0.10957151539436835     
   21.800000324845314                  0.11264036283996791     
   21.850000325590372                  0.11497937704936270     
   21.900000326335430                  0.11654312677647381     
   21.950000327080488                  0.11729027499283357     
   22.000000327825546                  0.11718409537085379     
   22.050000328570604                  0.11619295576976553     
   22.100000329315662                  0.11429076217026908     
   22.150000330060720                  0.11145735681861954     
   22.200000330805779                  0.10767886476120679     
   22.250000331550837                  0.10294798347231937     
   22.300000332295895                   9.7264210894342659E-002
   22.350000333040953                   9.0634007912855738E-002
   22.400000333786011                   8.3070892068905902E-002
   22.450000334531069                   7.4595460155512147E-002
   22.500000335276127                   6.5235338242152607E-002
   22.550000336021185                   5.5025058605464638E-002
   22.600000336766243                   4.4005864001596097E-002
   22.650000337511301                   3.2225440679975507E-002
   22.700000338256359                   1.9737582493814337E-002
   22.750000339001417                   6.6017893935359081E-003
   22.800000339746475                  -7.1171955200114078E-003
   22.850000340491533                  -2.1349905370179396E-002
   22.900000341236591                  -3.6022719528240092E-002
   22.950000341981649                  -5.1058477823066890E-002
   23.000000342726707                  -6.6377131882619858E-002
   23.050000343471766                  -8.1896426065164049E-002
   23.100000344216824                  -9.7532600061252153E-002
   23.150000344961882                 -0.11320110498754936     
   23.200000345706940                 -0.12881732465440968     
   23.250000346451998                 -0.14429729367241662     
   23.300000347197056                 -0.15955840416839073     
   23.350000347942114                 -0.17452009310600225     
   23.400000348687172                 -0.18910450254538153     
   23.450000349432230                 -0.20323710562328084     
   23.500000350177288                 -0.21684729158185759     
   23.550000350922346                 -0.22986890380981009     
   23.600000351667404                 -0.24224072557274315     
   23.650000352412462                 -0.25390690888739920     
   23.700000353157520                 -0.26481734282294028     
   23.750000353902578                 -0.27492795837730666     
   23.800000354647636                 -0.28420096796292277     
   23.850000355392694                 -0.29260503842868124     
   23.900000356137753                 -0.30011539742941507     
   23.950000356882811                 -0.30671387381563930     
   24.000000357627869                 -0.31238887354161998     
   24.050000358372927                 -0.31713529336620572     
   24.100000359117985                 -0.32095437533695015     
   24.150000359863043                 -0.32385350569388022     
   24.200000360608101                 -0.32584596239641950     
   24.250000361353159                 -0.32695061595875141     
   24.300000362098217                 -0.32719158867039655     
   24.350000362843275                 -0.32659787757692121     
   24.400000363588333                 -0.32520294679928963     
   24.450000364333391                 -0.32304429488006187     
   24.500000365078449                 -0.32016300286283683     
   24.550000365823507                 -0.31660326874213296     
   24.600000366568565                 -0.31241193376992471     
   24.650000367313623                 -0.30763800587932355     
   24.700000368058681                 -0.30233218519361865     
   24.750000368803740                 -0.29654639623926476     
   24.800000369548798                 -0.29033333108437476     
   24.850000370293856                 -0.28374600719031062     
   24.900000371038914                 -0.27683734330381554     
   24.950000371783972                 -0.26965975624156996     
   25.000000372529030                 -0.26226478093865896     
   25.050000373274088                 -0.25470271565734087     
   25.100000374019146                 -0.24702229379219653     
   25.150000374764204                 -0.23927038327085881     
   25.200000375509262                 -0.23149171414369940     
   25.250000376254320                 -0.22372863458755912     
   25.300000376999378                 -0.21602089522304777     
   25.350000377744436                 -0.20840546136596086     
   25.400000378489494                 -0.20091635260341056     
   25.450000379234552                 -0.19358450890538451     
   25.500000379979610                 -0.18643768235227037     
   25.550000380724669                 -0.17950035347671864     
   25.600000381469727                 -0.17279367118110722     
   25.650000382214785                 -0.16633541519572370     
   25.700000382959843                 -0.16013998008249142     
   25.750000383704901                 -0.15421837985869491     
   25.800000384449959                 -0.14857827240809712     
   25.850000385195017                 -0.14322400295601173     
   25.900000385940075                 -0.13815666600295035     
   25.950000386685133                 -0.13337418523100036     
   26.000000387430191                 -0.12887141101083624     
   26.050000388175249                 -0.12464023523830467     
   26.100000388920307                 -0.12066972331145932     
   26.150000389665365                 -0.11694626311606698     
   26.200000390410423                 -0.11345373091514033     
   26.250000391155481                 -0.11017367403214136     
   26.300000391900539                 -0.10708551017541297     
   26.350000392645597                 -0.10416674317158434     
   26.400000393390656                 -0.10139319475783766     
   26.450000394135714                  -9.8739251927945221E-002
   26.500000394880772                  -9.6178129137047555E-002
   26.550000395625830                  -9.3682144448597307E-002
   26.600000396370888                  -9.1223008458205579E-002
   26.650000397115946                  -8.8772124558781737E-002
   26.700000397861004                  -8.6300898825720604E-002
   26.750000398606062                  -8.3781057507068768E-002
   26.800000399351120                  -8.1184969809264429E-002
   26.850000400096178                  -7.8485973382245972E-002
   26.900000400841236                  -7.5658699636699897E-002
   26.950000401586294                  -7.2679395779190720E-002
   27.000000402331352                  -6.9526240235882095E-002
   27.050000403076410                  -6.6179647960097648E-002
   27.100000403821468                  -6.2622561990042486E-002
   27.150000404566526                  -5.8840727546776030E-002
   27.200000405311584                  -5.4822944944195921E-002
   27.250000406056643                  -5.0561297626456454E-002
   27.300000406801701                  -4.6051351756770192E-002
   27.350000407546759                  -4.1292323956474059E-002
   27.400000408291817                  -3.6287214034737808E-002
   27.450000409036875                  -3.1042899856087654E-002
   27.500000409781933                  -2.5570191862317421E-002
   27.550000410526991                  -1.9883845193271854E-002
   27.600000411272049                  -1.4002527831978678E-002
   27.650000412017107                  -7.9487437269936904E-003
   27.700000412762165                  -1.7487104107893753E-003
   27.750000413507223                   4.5678087712461707E-003
   27.800000414252281                   1.0967717090758741E-002
   27.850000414997339                   1.7414840169143186E-002
   27.900000415742397                   2.3870223031941536E-002
   27.950000416487455                   3.0292465890717667E-002
   28.000000417232513                   3.6638095467795770E-002
   28.050000417977571                   4.2861968122288492E-002
   28.100000418722630                   4.8917700522620337E-002
   28.150000419467688                   5.4758123150925889E-002
   28.200000420212746                   6.0335751527083599E-002
   28.250000420957804                   6.5603269712523463E-002
   28.300000421702862                   7.0514020402924080E-002
   28.350000422447920                   7.5022495749769894E-002
   28.400000423192978                   7.9084822967314075E-002
   28.450000423938036                   8.2659238786106523E-002
   28.500000424683094                   8.5706546907645814E-002
   28.550000425428152                   8.8190552796049163E-002
   28.600000426173210                   9.0078470409471562E-002
   28.650000426918268                   9.1341295822368232E-002
   28.700000427663326                   9.1954143114139020E-002
   28.750000428408384                   9.1896538393410263E-002
   28.800000429153442                   9.1152668382154120E-002
   28.850000429898500                   8.9711580590893833E-002
   28.900000430643559                   8.7567332765365949E-002
   28.950000431388617                   8.4719089965468231E-002
   29.000000432133675                   8.1171168337869734E-002
   29.050000432878733                   7.6933025352764695E-002
   29.100000433623791                   7.2019196981312636E-002
   29.150000434368849                   6.6449182981873633E-002
   29.200000435113907                   6.0247282129137748E-002
   29.250000435858965                   5.3442379850152974E-002
   29.300000436604023                   4.6067691315336133E-002
   29.350000437349081                   3.8160463562009320E-002
   29.400000438094139                   2.9761640695145700E-002
   29.450000438839197                   2.0915496608367837E-002
   29.500000439584255                   1.1669239992694602E-002
   29.550000440329313                   2.0725966473709432E-003
   29.600000441074371                  -7.8226257259047614E-003
   29.650000441819429                  -1.7962984977677555E-002
   29.700000442564487                  -2.8293858940218675E-002
   29.750000443309546                  -3.8759901628955172E-002
   29.800000444054604                  -4.9305496158559690E-002
   29.850000444799662                  -5.9875199531448382E-002
   29.900000445544720                  -7.0414174735035598E-002
   29.950000446289778                  -8.0868605919341710E-002
   30.000000447034836                  -9.1186092810683031E-002
   30.050000447779894                 -0.10131602094175894     
   30.100000448524952                 -0.11120990473457679     
   30.150000449270010                 -0.12082170095111272     
   30.200000450015068                 -0.13010809051809100     
   30.250000450760126                 -0.13902872722756360     
   30.300000451505184                 -0.14754645230515540     
   30.350000452250242                 -0.15562747431442991     
   30.400000452995300                 -0.16324151432097095     
   30.450000453740358                 -0.17036191666637313     
   30.500000454485416                 -0.17696572609418743     
   30.550000455230474                 -0.18303373232176909     
   30.600000455975533                 -0.18855048345979422     
   30.650000456720591                 -0.19350426994194386     
   30.700000457465649                 -0.19788708083905671     
   30.750000458210707                 -0.20169453459423883     
   30.800000458955765                 -0.20492578632844227     
   30.850000459700823                 -0.20758341393142063     
   30.900000460445881                 -0.20967328517329242     
   30.950000461190939                 -0.21120440805065907     
   31.000000461935997                 -0.21218876652261551     
   31.050000462681055                 -0.21264114370100914     
   31.100000463426113                 -0.21257893444143575     
   31.150000464171171                 -0.21202194914258116     
   31.200000464916229                 -0.21099221040772065     
   31.250000465661287                 -0.20951374405963313     
   31.300000466406345                 -0.20761236583494203     
   31.350000467151403                 -0.20531546492178115     
   31.400000467896461                 -0.20265178535112910     
   31.450000468641520                 -0.19965120611206799     
   31.500000469386578                 -0.19634452073886730     
   31.550000470131636                 -0.19276321701669935     
   31.600000470876694                 -0.18893925737566639     
   31.650000471621752                 -0.18490486049148935     
   31.700000472366810                 -0.18069228458659400     
   31.750000473111868                 -0.17633361292742031     
   31.800000473856926                 -0.17186054204165122     
   31.850000474601984                 -0.16730417323090468     
   31.900000475347042                 -0.16269480802762695     
   31.950000476092100                 -0.15806174833608813     
   32.000000476837158                 -0.15343310210248184     
   32.050000477582216                 -0.14883559547359615     
   32.100000478327274                 -0.14429439252236242     
   32.150000479072332                 -0.13983292373652981     
   32.200000479817390                 -0.13547272457834261     
   32.250000480562449                 -0.13123328552301181     
   32.300000481307507                 -0.12713191506671631     
   32.350000482052565                 -0.12318361725589007     
   32.400000482797623                 -0.11940098532412401     
   32.450000483542681                 -0.11579411302717664     
   32.500000484287739                 -0.11237052523705596     
   32.550000485032797                 -0.10913512929039526     
   32.600000485777855                 -0.10609018848273682     
   32.650000486522913                 -0.10323531895811620     
   32.700000487267971                 -0.10056751106271730     
   32.750000488013029                  -9.8081176013526672E-002
   32.800000488758087                  -9.5768218480004455E-002
   32.850000489503145                  -9.3618135391897214E-002
   32.900000490248203                  -9.1618140973420012E-002
   32.950000490993261                  -8.9753317667922758E-002
   33.000000491738319                  -8.8006792263345512E-002
   33.050000492483377                  -8.6359936163391049E-002
   33.100000493228436                  -8.4792588379022121E-002
   33.150000493973494                  -8.3283299446602246E-002
   33.200000494718552                  -8.1809594119925722E-002
   33.250000495463610                  -8.0348250340762511E-002
   33.300000496208668                  -7.8875591673510992E-002
   33.350000496953726                  -7.7367790100984879E-002
   33.400000497698784                  -7.5801175826726699E-002
   33.450000498443842                  -7.4152550520453220E-002
   33.500000499188900                  -7.2399500282523149E-002
   33.550000499933958                  -7.0520704495090195E-002
   33.600000500679016                  -6.8496236675367736E-002
   33.650000501424074                  -6.6307853452687068E-002
   33.700000502169132                  -6.3939267857215265E-002
   33.750000502914190                  -6.1376403234637930E-002
   33.800000503659248                  -5.8607624287001649E-002
   33.850000504404306                  -5.5623941983316730E-002
   33.900000505149364                  -5.2419189381406606E-002
   33.950000505894423                  -4.8990165750764765E-002
   34.000000506639481                  -4.5336746779768351E-002
   34.050000507384539                  -4.1461959083532354E-002
   34.100000508129597                  -3.7372017694218974E-002
   34.150000508874655                  -3.3076325706336986E-002
   34.200000509619713                  -2.8587435757551523E-002
   34.250000510364771                  -2.3920973542486297E-002
   34.300000511109829                  -1.9095524074440488E-002
   34.350000511854887                  -1.4132481919318813E-002
   34.400000512599945                  -9.0558671189614349E-003
   34.450000513345003                  -3.8921089893166560E-003
   34.500000514090061                   1.3301995851856851E-003
   34.550000514835119                   6.5805743432557195E-003
   34.600000515580177                   1.1826934955989278E-002
   34.650000516325235                   1.7035919786256591E-002
   34.700000517070293                   2.2173216187735326E-002
   34.750000517815351                   2.7203902249780833E-002
   34.800000518560410                   3.2092795773258041E-002
   34.850000519305468                   3.6804806205037552E-002
   34.900000520050526                   4.1305285265346582E-002
   34.950000520795584                   4.5560372071688775E-002
   35.000000521540642                   4.9537328693621083E-002
   35.050000522285700                   5.3204862261254801E-002
   35.100000523030758                   5.6533429992895644E-002
   35.150000523775816                   5.9495523798816619E-002
   35.200000524520874                   6.2065931453035468E-002
   35.250000525265932                   6.4221971696739072E-002
   35.300000526010990                   6.5943701038714234E-002
   35.350000526756048                   6.7214090442462140E-002
   35.400000527501106                   6.8019170528998335E-002
   35.450000528246164                   6.8348144370977040E-002
   35.500000528991222                   6.8193467400088276E-002
   35.550000529736280                   6.7550894388217209E-002
   35.600000530481339                   6.6419493886529360E-002
   35.650000531226397                   6.4801630908827013E-002
   35.700000531971455                   6.2702919020180090E-002
   35.750000532716513                   6.0132143333635819E-002
   35.800000533461571                   5.7101156222211465E-002
   35.850000534206629                   5.3624747816688405E-002
   35.900000534951687                   4.9720493579180049E-002
   35.950000535696745                   4.5408581416209674E-002
   36.000000536441803                   4.0711620922230476E-002
   36.050000537186861                   3.5654437425217643E-002
   36.100000537931919                   3.0263853541144893E-002
   36.150000538676977                   2.4568460935677418E-002
   36.200000539422035                   1.8598384941923344E-002
   36.250000540167093                   1.2385044595961016E-002
   36.300000540912151                   5.9609105310981965E-003
   36.350000541657209                  -6.4073697806134419E-004
   36.400000542402267                  -7.3860477047495571E-003
   36.450000543147326                  -1.4240836968453756E-002
   36.500000543892384                  -2.1170815225448014E-002
   36.550000544637442                  -2.8141810249265126E-002
   36.600000545382500                  -3.5119980616930557E-002
   36.650000546127558                  -4.2072019432692294E-002
   36.700000546872616                  -4.8965347430071977E-002
   36.750000547617674                  -5.5768294791020634E-002
   36.800000548362732                  -6.2450271203991131E-002
   36.850000549107790                  -6.8981923847636378E-002
   36.900000549852848                  -7.5335283131056294E-002
   36.950000550597906                  -8.1483896143190987E-002
   37.000000551342964                  -8.7402947861956598E-002
   37.050000552088022                  -9.3069370247634467E-002
   37.100000552833080                  -9.8461939395162512E-002
   37.150000553578138                 -0.10356136094733766     
   37.200000554323196                 -0.10835034397716421     
   37.250000555068254                 -0.11281366353490477     
   37.300000555813313                 -0.11693821202655230     
   37.350000556558371                 -0.12071303954861706     
   37.400000557303429                 -0.12412938325281817     
   37.450000558048487                 -0.12718068575722818     
   37.500000558793545                 -0.12986260256150789     
   37.550000559538603                 -0.13217299836697355     
   37.600000560283661                 -0.13411193215115749     
   37.650000561028719                 -0.13568163080485393     
   37.700000561773777                 -0.13688645111069186     
   37.750000562518835                 -0.13773282982896259     
   37.800000563263893                 -0.13822922166119794     
   37.850000564008951                 -0.13838602488675439     
   37.900000564754009                 -0.13821549451371815     
   37.950000565499067                 -0.13773164285347780     
   38.000000566244125                 -0.13695012751832092     
   38.050000566989183                 -0.13588812695273078     
   38.100000567734241                 -0.13456420374035324     
   38.150000568479300                 -0.13299815607789159     
   38.200000569224358                 -0.13121085797188539     
   38.250000569969416                 -0.12922408889130405     
   38.300000570714474                 -0.12706035379452119     
   38.350000571459532                 -0.12474269463951773     
   38.400000572204590                 -0.12229449467676443     
   38.450000572949648                 -0.11973927701062365     
   38.500000573694706                 -0.11710049909264798     
   38.550000574439764                 -0.11440134497420489     
   38.600000575184822                 -0.11166451729190541     
   38.650000575929880                 -0.10891203108306578     
   38.700000576674938                 -0.10616501162592029     
   38.750000577419996                 -0.10344349856699628     
   38.800000578165054                 -0.10076625863294013     
   38.850000578910112                  -9.8150609223727772E-002
   38.900000579655170                  -9.5612255146852301E-002
   38.950000580400229                  -9.3165140676719077E-002
   39.000000581145287                  -9.0821319009817505E-002
   39.050000581890345                  -8.8590841034778892E-002
   39.100000582635403                  -8.6481665148453096E-002
   39.150000583380461                  -8.4499589626697361E-002
   39.200000584125519                  -8.2648208804463191E-002
   39.250000584870577                  -8.0928894037482269E-002
   39.300000585615635                  -7.9340800111517534E-002
   39.350000586360693                  -7.7880897439447566E-002
   39.400000587105751                  -7.6544030046552802E-002
   39.450000587850809                  -7.5322998995807355E-002
   39.500000588595867                  -7.4208670553556261E-002
   39.550000589340925                  -7.3190108047635552E-002
   39.600000590085983                  -7.2254726030772015E-002
   39.650000590831041                  -7.1388465037900778E-002
   39.700000591576099                  -7.0575984922584656E-002
   39.750000592321157                  -6.9800874480419314E-002
   39.800000593066216                  -6.9045874821154082E-002
   39.850000593811274                  -6.8293113740719141E-002
   39.900000594556332                  -6.7524348173285967E-002
   39.950000595301390                  -6.6721211675071043E-002
   40.000000596046448                  -6.5865463808243194E-002
   40.050000596791506                  -6.4939238256631060E-002
   40.100000597536564                  -6.3925286515735827E-002
   40.150000598281622                  -6.2807214057770039E-002
   40.200000599026680                  -6.1569705977154984E-002
   40.250000599771738                  -6.0198739271373272E-002
   40.300000600516796                  -5.8681779103751261E-002
   40.350000601261854                  -5.7007956625354177E-002
   40.400000602006912                  -5.5168226198751141E-002
   40.450000602751970                  -5.3155500162381693E-002
   40.500000603497028                  -5.0964759595552876E-002
   40.550000604242086                  -4.8593139885227010E-002
   40.600000604987144                  -4.6039990250930606E-002
   40.650000605732203                  -4.3306906747339308E-002
   40.700000606477261                  -4.0397738629309371E-002
   40.750000607222319                  -3.7318568325310941E-002
   40.800000607967377                  -3.4077665616503106E-002
   40.850000608712435                  -3.0685416954471478E-002
   40.900000609457493                  -2.7154231165688318E-002
   40.950000610202551                  -2.3498423080279204E-002
   41.000000610947609                  -1.9734076882461753E-002
   41.050000611692667                  -1.5878891206454075E-002
   41.100000612437725                  -1.1952008191805268E-002
   41.150000613182783                  -7.9738288637730831E-003
   41.200000613927841                  -3.9658173161132154E-003
   41.250000614672899                   4.9703755234949057E-005
   41.300000615417957                   4.0497635885006671E-003
   41.350000616163015                   8.0109573925413943E-003
   41.400000616908073                   1.1909661360789959E-002
   41.450000617653131                   1.5722246223353289E-002
   41.500000618398190                   1.9425287014371285E-002
   41.550000619143248                   2.2995766878004448E-002
   41.600000619888306                   2.6411272908694224E-002
   41.650000620633364                   2.9650182215466239E-002
   41.700000621378422                   3.2691836611589052E-002
   41.750000622123480                   3.5516704555254505E-002
   41.800000622868538                   3.8106529199433553E-002
   41.850000623613596                   4.0444461645036490E-002
   41.900000624358654                   4.2515178726446959E-002
   41.950000625103712                   4.4304984888101348E-002
   42.000000625848770                   4.5801897931048524E-002
   42.050000626593828                   4.6995718615728752E-002
   42.100000627338886                   4.7878084298380925E-002
   42.150000628083944                   4.8442506950851970E-002
   42.200000628829002                   4.8684396065013603E-002
   42.250000629574060                   4.8601067071936982E-002
   42.300000630319118                   4.8191736011471871E-002
   42.350000631064177                   4.7457501269553837E-002
   42.400000631809235                   4.6401313258631380E-002
   42.450000632554293                   4.5027932951832390E-002
   42.500000633299351                   4.3343880195162630E-002
   42.550000634044409                   4.1357372715906705E-002
   42.600000634789467                   3.9078256721655401E-002
   42.650000635534525                   3.6517929945529437E-002
   42.700000636279583                   3.3689257941998313E-002
   42.750000637024641                   3.0606484377186490E-002
   42.800000637769699                   2.7285135990811473E-002
   42.850000638514757                   2.3741922837030770E-002
   42.900000639259815                   1.9994634341553748E-002
   42.950000640004873                   1.6062031645331706E-002
   43.000000640749931                   1.1963736643696129E-002
   43.050000641494989                   7.7201180764131412E-003
   43.100000642240047                   3.3521749808622355E-003
   43.150000642985106                  -1.1185822108622809E-003
   43.200000643730164                  -5.6702526684149603E-003
   43.250000644475222                  -1.0280667995070325E-002
   43.300000645220280                  -1.4927516626942009E-002
   43.350000645965338                  -1.9588469507497795E-002
   43.400000646710396                  -2.4241306707883731E-002
   43.450000647455454                  -2.8864044613808097E-002
   43.500000648200512                  -3.3435063239195720E-002
   43.550000648945570                  -3.7933233157449148E-002
   43.600000649690628                  -4.2338041465233379E-002
   43.650000650435686                  -4.6629716113807437E-002
   43.700000651180744                  -5.0789347861848556E-002
   43.750000651925802                  -5.4799009024387994E-002
   43.800000652670860                  -5.8641868117905192E-002
   43.850000653415918                  -6.2302299434803095E-002
   43.900000654160976                  -6.5765986524317949E-002
   43.950000654906034                  -6.9020018514142620E-002
   44.000000655651093                  -7.2052978180163943E-002
   44.050000656396151                  -7.4855020662927416E-002
   44.100000657141209                  -7.7417941740569859E-002
   44.150000657886267                  -7.9735234600404617E-002
   44.200000658631325                  -8.1802134106039162E-002
   44.250000659376383                  -8.3615647634285001E-002
   44.300000660121441                  -8.5174571656095363E-002
   44.350000660866499                  -8.6479493357715639E-002
   44.400000661611557                  -8.7532776741000892E-002
   44.450000662356615                  -8.8338532803773587E-002
   44.500000663101673                  -8.8902573580001434E-002
   44.550000663846731                  -8.9232350012855802E-002
   44.600000664591789                  -8.9336873838344807E-002
   44.650000665336847                  -8.9226623869836000E-002
   44.700000666081905                  -8.8913437290743330E-002
   44.750000666826963                  -8.8410386780097105E-002
   44.800000667572021                  -8.7731644509659645E-002
   44.850000668317080                  -8.6892334257663129E-002
   44.900000669062138                  -8.5908373079137193E-002
   44.950000669807196                  -8.4796304152291238E-002
   45.000000670552254                  -8.3573122580854808E-002
   45.050000671297312                  -8.2256096070276299E-002
   45.100000672042370                  -8.0862582508210309E-002
   45.150000672787428                  -7.9409846564186440E-002
   45.200000673532486                  -7.7914877477628097E-002
   45.250000674277544                  -7.6394210225891587E-002
   45.300000675022602                  -7.4863752253703883E-002
   45.350000675767660                  -7.3338617901869685E-002
   45.400000676512718                  -7.1832972596580141E-002
   45.450000677257776                  -7.0359888751885563E-002
   45.500000678002834                  -6.8931215198290971E-002
   45.550000678747892                  -6.7557461781973249E-002
   45.600000679492950                  -6.6247700584320945E-002
   45.650000680238008                  -6.5009484993378844E-002
   45.700000680983067                  -6.3848787620796196E-002
   45.750000681728125                  -6.2769957803861798E-002
   45.800000682473183                  -6.1775699166296036E-002
   45.850000683218241                  -6.0867067438018056E-002
   45.900000683963299                  -6.0043488457614570E-002
   45.950000684708357                  -5.9302796006258089E-002
   46.000000685453415                  -5.8641288852877685E-002
   46.050000686198473                  -5.8053806131876849E-002
   46.100000686943531                  -5.7533819930819588E-002
   46.150000687688589                  -5.7073543740186951E-002
   46.200000688433647                  -5.6664055214105544E-002
   46.250000689178705                  -5.6295431513012188E-002
   46.300000689923763                  -5.5956895349212228E-002
   46.350000690668821                  -5.5636969736358212E-002
   46.400000691413879                  -5.5323639355605074E-002
   46.450000692158937                  -5.5004516395588669E-002
   46.500000692903996                  -5.4667008700830237E-002
   46.550000693649054                  -5.4298488073496250E-002
   46.600000694394112                  -5.3886456615861722E-002
   46.650000695139170                  -5.3418709073991218E-002
   46.700000695884228                  -5.2883489245193732E-002
   46.750000696629286                  -5.2269638640367537E-002
   46.800000697374344                  -5.1566735744639346E-002
   46.850000698119402                  -5.0765224392559725E-002
   46.900000698864460                  -4.9856529964081631E-002
   46.950000699609518                  -4.8833162310930996E-002
   47.000000700354576                  -4.7688804535934284E-002
   47.050000701099634                  -4.6418386966481623E-002
   47.100000701844692                  -4.5018145883663992E-002
   47.150000702589750                  -4.3485666786900412E-002
   47.200000703334808                  -4.1819912186393665E-002
   47.250000704079866                  -4.0021234119075322E-002
   47.300000704824924                  -3.8091371774666892E-002
   47.350000705569983                  -3.6033434794284600E-002
   47.400000706315041                  -3.3851872962235394E-002
   47.450000707060099                  -3.1552433150309589E-002
   47.500000707805157                  -2.9142104491450438E-002
   47.550000708550215                  -2.6629052855132510E-002
   47.600000709295273                  -2.4022545769556328E-002
   47.650000710040331                  -2.1332868985797188E-002
   47.700000710785389                  -1.8571235906734047E-002
   47.750000711530447                  -1.5749691109778981E-002
   47.800000712275505                  -1.2881009178392978E-002
   47.850000713020563                  -9.9785900247466655E-003
   47.900000713765621                  -7.0563518366268405E-003
   47.950000714510679                  -4.1286227180327342E-003
   48.000000715255737                  -1.2100320172915011E-003
   48.050000716000795                   1.6845977484605029E-003
   48.100000716745853                   4.5403575552645991E-003
   48.150000717490911                   7.3423563993189594E-003
   48.200000718235970                   1.0075823064534016E-002
   48.250000718981028                   1.2726204602146764E-002
   48.300000719726086                   1.5279261086251359E-002
   48.350000720471144                   1.7721156295811485E-002
   48.400000721216202                   2.0038544052885778E-002
   48.450000721961260                   2.2218650016851801E-002
   48.500000722706318                   2.4249348794124704E-002
   48.550000723451376                   2.6119236271361566E-002
   48.600000724196434                   2.7817697116922481E-002
   48.650000724941492                   2.9334967420302741E-002
   48.700000725686550                   3.0662192452606492E-002
   48.750000726431608                   3.1791479533507833E-002
   48.800000727176666                   3.2715945982480968E-002
   48.850000727921724                   3.3429762115620383E-002
   48.900000728666782                   3.3928189225622435E-002
   48.950000729411840                   3.4207612453188929E-002
   49.000000730156898                   3.4265568425138046E-002
   49.050000730901957                   3.4100767499881619E-002
   49.100000731647015                   3.3713110426723134E-002
   49.150000732392073                   3.3103699193723170E-002
   49.200000733137131                   3.2274841811687653E-002
   49.250000733882189                   3.1230050761067871E-002
   49.300000734627247                   2.9974034815963588E-002
   49.350000735372305                   2.8512683956522251E-002
   49.400000736117363                   2.6853047089101252E-002
   49.450000736862421                   2.5003302313585132E-002
