   0.0000000000000000                   0.0000000000000000     
   5.0000002374872565E-004              0.0000000000000000     
   1.0000000474974513E-003              0.0000000000000000     
   1.5000000712461770E-003              0.0000000000000000     
   2.0000000949949026E-003              0.0000000000000000     
   2.5000001187436283E-003              0.0000000000000000     
   3.0000001424923539E-003              0.0000000000000000     
   3.5000001662410796E-003              0.0000000000000000     
   4.0000001899898052E-003              0.0000000000000000     
   4.5000002137385309E-003              0.0000000000000000     
  0.12950000615091994                  -2.5077954803698331E-003
  0.25450001208810136                  -1.9825528332770841E-002
  0.37950001802528277                  -6.7195020943122977E-002
  0.50450002396246418                 -0.15875573997604800     
  0.62950002989964560                 -0.30531908805643737     
  0.75450003583682701                 -0.51252546808743782     
  0.87950004177400842                 -0.77969880190440632     
   1.0045000477111898                  -1.0995763670420082     
   1.1295000536483712                  -1.4589274487506485     
   1.2545000595855527                  -1.8399128936762297     
   1.3795000655227341                  -2.2219237294011132     
   1.5045000714599155                  -2.5835905961257097     
   1.6295000773970969                  -2.9046678733534610     
   1.7545000833342783                  -3.1675607548945801     
   1.8795000892714597                  -3.3583654554486695     
   2.0045000952086411                  -3.4674107498726179     
   2.1295001011458226                  -3.4893816349370086     
   2.2545001070830040                  -3.4231538442268206     
   2.3795001130201854                  -3.2714695940332987     
   2.5045001189573668                  -3.0405510482158817     
   2.6295001248945482                  -2.7396962297695566     
   2.7545001308317296                  -2.3808497111264844     
   2.8795001367689110                  -1.9781045774281401     
   3.0045001427060924                  -1.5470810596919318     
   3.1295001486432739                  -1.1041509199663146     
   3.2545001545804553                 -0.66552486281040091     
   3.3795001605176367                 -0.24627182960954894     
   3.5045001664548181                  0.14061849717519254     
   3.6295001723919995                  0.48500731018762572     
   3.7545001783291809                  0.78011192965176956     
   3.8795001842663623                   1.0226891379635008     
   4.0045001902035438                   1.2128932606776406     
   4.1295001961407252                   1.3538491046672774     
   4.2545002020779066                   1.4510095601411308     
   4.3795002080150880                   1.5113710168990557     
   4.5045002139522694                   1.5426115955317794     
   4.6295002198894508                   1.5522097085318041     
   4.7545002258266322                   1.5465975346930092     
   4.8795002317638136                   1.5304096498296296     
   5.0045002377009951                   1.5058977783097351     
   5.1295002436381765                   1.4725915749569110     
   5.2545002495753579                   1.4272861321772226     
   5.3795002555125393                   1.3644248478571537     
   5.5045002614497207                   1.2769021609215716     
   5.6295002673869021                   1.1572332117492805     
   5.7545002733240835                  0.99895491105046164     
   5.8795002792612650                  0.79805287277030024     
   6.0045002851984464                  0.55417488877174326     
   6.1295002911356278                  0.27140762120593509     
   6.2545002970728092                  -4.1540883986641380E-002
   6.3795003030099906                 -0.37181035507035248     
   6.5045003089471720                 -0.70344865250324007     
   6.6295003148843534                  -1.0189034393331518     
   6.7545003208215348                  -1.3007199275680990     
   6.8795003267587163                  -1.5331973828495846     
   7.0045003326958977                  -1.7037813185358452     
   7.1295003386330791                  -1.8040283029868065     
   7.2545003445702605                  -1.8300628434605528     
   7.3795003505074419                  -1.7825293322434146     
   7.5045003564446233                  -1.6661186449259979     
   7.6295003623818047                  -1.4888075869884783     
   7.7545003683189861                  -1.2609798480656658     
   7.8795003742561676                 -0.99458921073430584     
   8.0045003801933490                 -0.70248835429542855     
   8.1295003861305304                 -0.39797886780923941     
   8.2545003920677118                  -9.4552339672704822E-002
   8.3795003980048932                  0.19428739866828212     
   8.5045004039420746                  0.45526965847397521     
   8.6295004098792560                  0.67580702869218523     
   8.7545004158164375                  0.84472000622150489     
   8.8795004217536189                  0.95320033570815244     
   9.0045004276908003                  0.99586503252449032     
   9.1295004336279817                  0.97167352635062143     
   9.2545004395651631                  0.88446304552032096     
   9.3795004455023445                  0.74290814186725218     
   9.5045004514395259                  0.55982642541134142     
   9.6295004573767073                  0.35089832583458369     
   9.7545004633138888                  0.13300592528980615     
   9.8795004692510702                  -7.7518978979636916E-002
   10.004500475188252                 -0.26644454959778358     
   10.129500481125433                 -0.42276435613788621     
   10.254500487062614                 -0.53929061327080097     
   10.379500492999796                 -0.61272843415774991     
   10.504500498936977                 -0.64333999908110706     
   10.629500504874159                 -0.63435614186315015     
   10.754500510811340                 -0.59128713285612677     
   10.879500516748521                 -0.52123613677015024     
   11.004500522685703                 -0.43224894088411953     
   11.129500528622884                 -0.33267874899931310     
   11.254500534560066                 -0.23052427963625235     
   11.379500540497247                 -0.13271876384562117     
   11.504500546434429                  -4.4406882153113614E-002
   11.629500552371610                   3.1684947982778724E-002
   11.754500558308791                   9.5635781854989124E-002
   11.879500564245973                  0.15033241844258999     
   12.004500570183154                  0.20100719282105209     
   12.129500576120336                  0.25432923569396176     
   12.254500582057517                  0.31717379602713891     
   12.379500587994698                  0.39528337921249934     
   12.504500593931880                  0.49207537658512895     
   12.629500599869061                  0.60783733064668766     
   12.754500605806243                  0.73948445755160463     
   12.879500611743424                  0.88094096361526097     
   13.004500617680606                   1.0240752323185054     
   13.129500623617787                   1.1600050870897884     
   13.254500629554968                   1.2805206084449279     
   13.379500635492150                   1.3793543257724084     
   13.504500641429331                   1.4530680194742593     
   13.629500647366513                   1.5014101614131294     
   13.754500653303694                   1.5271075087308073     
   13.879500659240875                   1.5351706273465626     
   14.004500665178057                   1.5318871944549104     
   14.129500671115238                   1.5237241239486172     
   14.254500677052420                   1.5163510583911521     
   14.379500682989601                   1.5139423274744868     
   14.504500688926782                   1.5188307763285871     
   14.629500694863964                   1.5314944046926315     
   14.754500700801145                   1.5507828344231449     
   14.879500706738327                   1.5742570182393267     
   15.004500712675508                   1.5985273696887563     
   15.129500718612690                   1.6195213141986868     
   15.254500724549871                   1.6326764654141126     
   15.379500730487052                   1.6331064002761142     
   15.504500736424234                   1.6158054957895314     
   15.629500742361415                   1.5759413704483844     
   15.754500748298597                   1.5092428674573211     
   15.879500754235778                   1.4124432152117234     
   16.004500760172959                   1.2837033908540245     
   16.129500766110141                   1.1229289891681162     
   16.254500772047322                  0.93190929858548777     
   16.379500777984504                  0.71424778917021070     
   16.504500783921685                  0.47510391466342849     
   16.629500789858866                  0.22082057082804071     
   16.754500795796048                  -4.1456805707413488E-002
   16.879500801733229                 -0.30407220867501911     
   17.004500807670411                 -0.55901579686572822     
   17.129500813607592                 -0.79797140503027586     
   17.254500819544774                  -1.0123487553760873     
   17.379500825481955                  -1.1934283771580811     
   17.504500831419136                  -1.3327344919052524     
   17.629500837356318                  -1.4226868889119015     
   17.754500843293499                  -1.4574861172925782     
   17.879500849230681                  -1.4340849791860071     
   18.004500855167862                  -1.3530181770980465     
   18.129500861105043                  -1.2188412000624478     
   18.254500867042225                  -1.0399831512506892     
   18.379500872979406                 -0.82793649963692562     
   18.504500878916588                 -0.59586415757686439     
   18.629500884853769                 -0.35685831305830235     
   18.754500890790951                 -0.12219515783383302     
   18.879500896728132                  0.10003877014989587     
   19.004500902665313                  0.30563306251468186     
   19.129500908602495                  0.49409131193305234     
   19.254500914539676                  0.66766373148516034     
   19.379500920476858                  0.82981312685155606     
   19.504500926414039                  0.98348626922485960     
   19.629500932351220                   1.1296075626345592     
   19.754500938288402                   1.2661575403679521     
   19.879500944225583                   1.3880588711675774     
   20.004500950162765                   1.4878979101501122     
   20.129500956099946                   1.5573126231656276     
   20.254500962037127                   1.5887269206413386     
   20.379500967974309                   1.5770351868246555     
   20.504500973911490                   1.5208531253465920     
   20.629500979848672                   1.4230547647883680     
   20.754500985785853                   1.2904864639297322     
   20.879500991723035                   1.1329457325038108     
   21.004500997660216                  0.96167588640264046     
   21.129501003597397                  0.78771961392701728     
   21.254501009534579                  0.62048330750746639     
   21.379501015471760                  0.46677854457096069     
   21.504501021408942                  0.33046404046719907     
   21.629501027346123                  0.21265615077663155     
   21.754501033283304                  0.11234787372419912     
   21.879501039220486                   2.7210221306797063E-002
   22.004501045157667                  -4.5649214958451638E-002
   22.129501051094849                 -0.10913261836606769     
   22.254501057032030                 -0.16586686478551840     
   22.379501062969211                 -0.21815333792737035     
   22.504501068906393                 -0.26805361560748431     
   22.629501074843574                 -0.31749066044922969     
   22.754501080780756                 -0.36827117123946806     
   22.879501086717937                 -0.42199273274880233     
   23.004501092655119                 -0.47986423291995794     
   23.129501098592300                 -0.54251455377271274     
   23.254501104529481                 -0.60987649518680320     
   23.379501110466663                 -0.68121193420623405     
   23.504501116403844                 -0.75529463323911161     
   23.629501122341026                 -0.83071130042019414     
   23.754501128278207                 -0.90619220348594753     
   23.879501134215388                 -0.98085628660163438     
   24.004501140152570                  -1.0542687798393684     
   24.129501146089751                  -1.1262529009072073     
   24.254501152026933                  -1.1964647268456772     
   24.379501157964114                  -1.2638219788735732     
   24.504501163901296                  -1.3259477587721897     
   24.629501169838477                  -1.3788215842492677     
   24.754501175775658                  -1.4168073459415573     
   24.879501181712840                  -1.4331553299739574     
   25.004501187650021                  -1.4209705687870144     
   25.129501193587203                  -1.3745240562066854     
   25.254501199524384                  -1.2906859347782160     
   25.379501205461565                  -1.1702039623243083     
   25.504501211398747                  -1.0185496966730303     
   25.629501217335928                 -0.84611051584714536     
   25.754501223273110                 -0.66760841323756659     
   25.879501229210291                 -0.50075404048972494     
   26.004501235147472                 -0.36428037011152870     
   26.129501241084654                 -0.27561458827777036     
   26.254501247021835                 -0.24852040282890661     
   26.379501252959017                 -0.29106265184832036     
   26.504501258896198                 -0.40420578654854850     
   26.629501264833380                 -0.58126206647532297     
   26.754501270770561                 -0.80828226749924892     
   26.879501276707742                  -1.0653607714837450     
   27.004501282644924                  -1.3287111022011715     
   27.129501288582105                  -1.5732696114318101     
   27.254501294519287                  -1.7755106410844868     
   27.379501300456468                  -1.9161162574316555     
   27.504501306393649                  -1.9821457737371262     
   27.629501312330831                  -1.9683996175593590     
   27.754501318268012                  -1.8777790120664992     
   27.879501324205194                  -1.7205930780214247     
   28.004501330142375                  -1.5129361850522975     
   28.129501336079556                  -1.2744185132271151     
   28.254501342016738                  -1.0256413848420676     
   28.379501347953919                 -0.78583226324030364     
   28.504501353891101                 -0.57099539119322051     
   28.629501359828282                 -0.39280640447634507     
   28.754501365765464                 -0.25831386725465499     
   28.879501371702645                 -0.17034445275746640     
   29.004501377639826                 -0.12838055214474450     
   29.129501383577008                 -0.12961510153782579     
   29.254501389514189                 -0.16989777404159606     
   29.379501395451371                 -0.24436990478493550     
   29.504501401388552                 -0.34771725511773316     
   29.629501407325733                 -0.47410339848734345     
   29.754501413262915                 -0.61694011918211178     
   29.879501419200096                 -0.76868687582426598     
   30.004501425137278                 -0.92084511687870430     
   30.129501431074459                  -1.0642472238485474     
   30.254501437011641                  -1.1896493584770496     
   30.379501442948822                  -1.2885466561130992     
   30.504501448886003                  -1.3540551640547316     
   30.629501454823185                  -1.3816666597963658     
   30.754501460760366                  -1.3697043804346125     
   30.879501466697548                  -1.3193805600234820     
   31.004501472634729                  -1.2344617069415322     
   31.129501478571910                  -1.1206502140435564     
   31.254501484509092                 -0.98485611896735148     
   31.379501490446273                 -0.83453786869387692     
   31.504501496383455                 -0.67724303962215704     
   31.629501502320636                 -0.52039741681033858     
   31.754501508257817                 -0.37130253650766037     
   31.879501514194999                 -0.23723502049679182     
   32.004501520132180                 -0.12551247999558246     
   32.129501526069362                  -4.3405317069417831E-002
   32.254501532006543                   2.1766117941590863E-003
   32.379501537943725                   5.2222452236309310E-003
   32.504501543880906                  -3.8682073402937757E-002
   32.629501549818087                 -0.13160219119226879     
   32.754501555755269                 -0.27258281711280341     
   32.879501561692450                 -0.45718252310240232     
   33.004501567629632                 -0.67732909720856327     
   33.129501573566813                 -0.92157204951647764     
   33.254501579503994                  -1.1757556330242569     
   33.379501585441176                  -1.4240706363418956     
   33.504501591378357                  -1.6503762214016460     
   33.629501597315539                  -1.8396321177605166     
   33.754501603252720                  -1.9792616761123778     
   33.879501609189902                  -2.0602730175243487     
   34.004501615127083                  -2.0779973106704897     
   34.129501621064264                  -2.0323555641703335     
   34.254501627001446                  -1.9276329296764554     
   34.379501632938627                  -1.7718043727931130     
   34.504501638875809                  -1.5755107656506926     
   34.629501644812990                  -1.3508262809702969     
   34.754501650750171                  -1.1099844509575199     
   34.879501656687353                 -0.86423019657175459     
   35.004501662624534                 -0.62294172174132523     
   35.129501668561716                 -0.39312615586620603     
   35.254501674498897                 -0.17933782082874949     
   35.379501680436078                   1.5996371366697404E-002
   35.504501686373260                  0.19192681589451863     
   35.629501692310441                  0.34814424796395682     
   35.754501698247623                  0.48413103730829110     
   35.879501704184804                  0.59848579333889074     
   36.004501710121986                  0.68858366990988440     
   36.129501716059167                  0.75067694602726120     
   36.254501721996348                  0.78045358148266497     
   36.379501727933530                  0.77397326007043443     
   36.504501733870711                  0.72881269342096455     
   36.629501739807893                  0.64519091605076917     
   36.754501745745074                  0.52682415761430201     
   36.879501751682255                  0.38128676265004091     
   37.004501757619437                  0.21973522119561181     
   37.129501763556618                   5.5974811637043181E-002
   37.254501769493800                  -9.5018111587915136E-002
   37.379501775430981                 -0.21889159033761540     
   37.504501781368162                 -0.30373128749095474     
   37.629501787305344                 -0.34157562618478060     
   37.754501793242525                 -0.32936601207639332     
   37.879501799179707                 -0.26917643058319596     
   38.004501805116888                 -0.16770705127976029     
   38.129501811054070                  -3.5163877907058529E-002
   38.254501816991251                  0.11624696696258560     
   38.379501822928432                  0.27393595568152640     
   38.504501828865614                  0.42640114041859356     
   38.629501834802795                  0.56435764169929903     
   38.754501840739977                  0.68141594688479834     
   38.879501846677158                  0.77428995251287491     
   39.004501852614339                  0.84258536616090152     
   39.129501858551521                  0.88826458455539237     
   39.254501864488702                  0.91490224847936119     
   39.379501870425884                  0.92684770057998656     
   39.504501876363065                  0.92840210854824712     
   39.629501882300247                  0.92310641900483259     
   39.754501888237428                  0.91322458567169185     
   39.879501894174609                  0.89948972247045811     
   40.004501900111791                  0.88114969626179207     
   40.129501906048972                  0.85629430983485488     
   40.254501911986154                  0.82238195658059043     
   40.379501917923335                  0.77683937887247367     
   40.504501923860516                  0.71759484301820942     
   40.629501929797698                  0.64343442892872071     
   40.754501935734879                  0.55413275768672010     
   40.879501941672061                  0.45038707981890591     
   41.004501947609242                  0.33365203102219188     
   41.129501953546423                  0.20599853999610115     
   41.254501959483605                   7.0093482841809870E-002
   41.379501965420786                  -7.0670763469990724E-002
   41.504501971357968                 -0.21195438943134429     
   41.629501977295149                 -0.34827874038542289     
   41.754501983232331                 -0.47301337175764746     
   41.879501989169512                 -0.57866917365587656     
   42.004501995106693                 -0.65755314575787915     
   42.129502001043875                 -0.70273269420820461     
   42.254502006981056                 -0.70915056985223734     
   42.379502012918238                 -0.67465936293729167     
   42.504502018855419                 -0.60073262264217053     
   42.629502024792600                 -0.49265961517523194     
   42.754502030729782                 -0.35913027494514371     
   42.879502036666963                 -0.21124901441127247     
   43.004502042604145                  -6.1138950030978696E-002
   43.129502048541326                   7.9620316840985181E-002
   43.254502054478507                  0.20145656131130885     
   43.379502060415689                  0.29793827865989470     
   43.504502066352870                  0.36641904043136631     
   43.629502072290052                  0.40812595515332645     
   43.754502078227233                  0.42771226864958201     
   43.879502084164415                  0.43236832337706960     
   44.004502090101596                  0.43063853343930097     
   44.129502096038777                  0.43112478779518382     
   44.254502101975959                  0.44126534975897558     
   44.379502107913140                  0.46635617651791789     
   44.504502113850322                  0.50893691291583665     
   44.629502119787503                  0.56860117674763699     
   44.754502125724684                  0.64222142439955354     
   44.879502131661866                  0.72451545871103062     
   45.004502137599047                  0.80882988527357458     
   45.129502143536229                  0.88798957295954817     
   45.254502149473410                  0.95506869105253223     
   45.379502155410592                   1.0039773129995733     
   45.504502161347773                   1.0298144940473450     
   45.629502167284954                   1.0289997713320589     
   45.754502173222136                  0.99924498078514468     
   45.879502179159317                  0.93944692123490281     
   46.004502185096499                  0.84957667213073595     
   46.129502191033680                  0.73061737506806368     
   46.254502196970861                  0.58456449397753663     
   46.379502202908043                  0.41446498822359906     
   46.504502208845224                  0.22445694133668911     
   46.629502214782406                   1.9773360968556485E-002
   46.754502220719587                 -0.19331265183859445     
   46.879502226656768                 -0.40760609576275103     
   47.004502232593950                 -0.61515743117948651     
   47.129502238531131                 -0.80745622531401418     
   47.254502244468313                 -0.97563118283509631     
   47.379502250405494                  -1.1106580946014455     
   47.504502256342676                  -1.2036088736029584     
   47.629502262279857                  -1.2460009376306538     
   47.754502268217038                  -1.2303047816316610     
   47.879502274154220                  -1.1506369109677390     
   48.004502280091401                  -1.0036000123363116     
   48.129502286028583                 -0.78915620862289571     
   48.254502291965764                 -0.51135700595537015     
   48.379502297902945                 -0.17873069570364508     
   48.504502303840127                  0.19584471421543173     
   48.629502309777308                  0.59588151439487091     
   48.754502315714490                   1.0026146507699818     
   48.879502321651671                   1.3967808656321965     
   49.004502327588852                   1.7606000422517631     
   49.129502333526034                   2.0796612775688104     
   49.254502339463215                   2.3444169667581654     
   49.379502345400397                   2.5510438507300788     
   49.504502351337578                   2.7015189500833050     
   49.629502357274760                   2.8028728995902137     
   49.754502363211941                   2.8657085786872947     
   49.879502369149122                   2.9021917369768828     
   50.004502375086304                   2.9238185577972065     
   50.129502381023485                   2.9393247901321167     
   50.254502386960667                   2.9531027012016287     
   50.379502392897848                   2.9644183758912406     
   50.504502398835029                   2.9675785193337543     
   50.629502404772211                   2.9530268218498179     
   50.754502410709392                   2.9091895841675810     
   50.879502416646574                   2.8247564488549664     
   51.004502422583755                   2.6910026637846767     
   51.129502428520937                   2.5037542195585671     
   51.254502434458118                   2.2646668383547919     
   51.379502440395299                   1.9816130391211675     
   51.504502446332481                   1.6681229630933825     
   51.629502452269662                   1.3419756015729949     
   51.754502458206844                   1.0231689061709275     
   51.879502464144025                  0.73158370747333956     
   52.004502470081206                  0.48468486334111366     
   52.129502476018388                  0.29557868487683425     
   52.254502481955569                  0.17168059880629866     
   52.379502487892751                  0.11415089169658868     
   52.504502493829932                  0.11813747789020418     
   52.629502499767113                  0.17374659331896561     
   52.754502505704295                  0.26756371719163907     
   52.879502511641476                  0.38448456642878848     
   53.004502517578658                  0.50959048289018860     
   53.129502523515839                  0.62980992814639880     
   53.254502529453021                  0.73514934963718592     
   53.379502535390202                  0.81934675436531257     
   53.504502541327383                  0.87989894582539052     
   53.629502547264565                  0.91752165102147087     
   53.754502553201746                  0.93519819759355372     
   53.879502559138928                  0.93704339182250340     
   54.004502565076109                  0.92722422158859574     
   54.129502571013290                  0.90913910326242098     
   54.254502576950472                  0.88497228902240610     
   54.379502582887653                  0.85563766243249284     
   54.504502588824835                  0.82103493922059079     
   54.629502594762016                  0.78048449975867662     
   54.754502600699198                  0.73320147173421790     
   54.879502606636379                  0.67870818277536149     
   55.004502612573560                  0.61714004386793009     
   55.129502618510742                  0.54944342887825737     
   55.254502624447923                  0.47747447823771261     
   55.379502630385105                  0.40399532686967121     
   55.504502636322286                  0.33254647401286475     
   55.629502642259467                  0.26716543861085329     
   55.754502648196649                  0.21193368078351019     
   55.879502654133830                  0.17036598542434611     
   56.004502660071012                  0.14470258769597852     
   56.129502666008193                  0.13521882736921428     
   56.254502671945374                  0.13970998707816218     
   56.379502677882556                  0.15331970983017718     
   56.504502683819737                  0.16883861979339365     
   56.629502689756919                  0.17750864422923948     
   56.754502695694100                  0.17024956488371754     
   56.879502701631282                  0.13910814468864183     
   57.004502707568463                   7.8647510210592728E-002
   57.129502713505644                  -1.3021845092044985E-002
   57.254502719442826                 -0.13380560550553539     
   57.379502725380007                 -0.27789548725482738     
   57.504502731317189                 -0.43670177802995425     
   57.629502737254370                 -0.60026188206367459     
   57.754502743191551                 -0.75883530142578071     
   57.879502749128733                 -0.90435525427791275     
   58.004502755065914                  -1.0314412767981982     
   58.129502761003096                  -1.1377770515512091     
   58.254502766940277                  -1.2238033254778762     
   58.379502772877458                  -1.2918321327497841     
   58.504502778814640                  -1.3448223498353344     
   58.629502784751821                  -1.3851266564631399     
   58.754502790689003                  -1.4135129383854583     
   58.879502796626184                  -1.4286843743036155     
   59.004502802563366                  -1.4273944121640390     
   59.129502808500547                  -1.4051176008851567     
   59.254502814437728                  -1.3571178500414371     
   59.379502820374910                  -1.2796780662046501     
   59.504502826312091                  -1.1712354098714379     
   59.629502832249273                  -1.0331995884667138     
   59.754502838186454                 -0.87030358695843668     
   59.879502844123635                 -0.69043060673048251     
   60.004502850060817                 -0.50395655961536445     
   60.129502855997998                 -0.32272713701154881     
   60.254502861935180                 -0.15884208947821474     
   60.379502867872361                  -2.3432543467741991E-002
   60.504502873809543                   7.4406937048939262E-002
   60.629502879746724                  0.12841593677856633     
   60.754502885683905                  0.13563521165797049     
   60.879502891621087                   9.6534927610765139E-002
   61.004502897558268                   1.4829946343357462E-002
   61.129502903495450                 -0.10297836226843889     
   61.254502909432631                 -0.24828448197875302     
   61.379502915369812                 -0.41121999273820731     
   61.504502921306994                 -0.58156468652046445     
   61.629502927244175                 -0.74961782217236139     
   61.754502933181357                 -0.90691032043941222     
   61.879502939118538                  -1.0466596455979673     
   62.004502945055719                  -1.1639148972790525     
   62.129502950992901                  -1.2554041608503652     
   62.254502956930082                  -1.3191662863432565     
   62.379502962867264                  -1.3541059476799187     
   62.504502968804445                  -1.3596296763967053     
   62.629502974741627                  -1.3354932704348916     
   62.754502980678808                  -1.2819185772705104     
   62.879502986615989                  -1.1999482246135544     
   63.004502992553171                  -1.0919250985728275     
   63.129502998490352                 -0.96192528683865541     
   63.254503004427534                 -0.81596518135370943     
   63.379503010364715                 -0.66185150538240101     
   63.504503016301896                 -0.50863227678269340     
   63.629503022239078                 -0.36570644430323240     
   63.754503028176259                 -0.24173765119353766     
   63.879503034113441                 -0.14357219559907808     
   64.004503040050622                  -7.5368937650612366E-002
   64.129503045987803                  -3.8108764195361605E-002
   64.254503051924985                  -2.9572259532978980E-002
   64.379503057862166                  -4.4782314006785166E-002
   64.504503063799348                  -7.6828755840217727E-002
   64.629503069736529                 -0.11793579123246728     
   64.754503075673711                 -0.16059996489228145     
   64.879503081610892                 -0.19862879617072388     
   65.004503087548073                 -0.22794021575970103     
   65.129503093485255                 -0.24702678976511372     
   65.254503099422436                 -0.25704204784978774     
   65.379503105359618                 -0.26152195248405929     
   65.504503111296799                 -0.26580276850987383     
   65.629503117233980                 -0.27622845270453039     
   65.754503123171162                 -0.29925416610116184     
   65.879503129108343                 -0.34055328348901892     
   66.004503135045525                 -0.40422996416664575     
   66.129503140982706                 -0.49221857909146977     
   66.254503146919888                 -0.60392485933564477     
   66.379503152857069                 -0.73614567622401272     
   66.504503158794250                 -0.88328835683530726     
   66.629503164731432                  -1.0378822077910181     
   66.754503170668613                  -1.1913322778201254     
   66.879503176605795                  -1.3348161232972542     
   67.004503182542976                  -1.4601869985646532     
   67.129503188480157                  -1.5607351811907018     
   67.254503194417339                  -1.6316804593109693     
   67.379503200354520                  -1.6703230749569875     
   67.504503206291702                  -1.6758560574101153     
   67.629503212228883                  -1.6489170599312923     
   67.754503218166064                  -1.5910131376107937     
   67.879503224103246                  -1.5039714799810233     
   68.004503230040427                  -1.3895500537134760     
   68.129503235977609                  -1.2492897287821108     
   68.254503241914790                  -1.0846182158247568     
   68.379503247851972                 -0.89714953766912675     
   68.504503253789153                 -0.68908039631767792     
   68.629503259726334                 -0.46357279545613361     
   68.754503265663516                 -0.22502067230000700     
   68.879503271600697                   2.0875054302015850E-002
   69.004503277537879                  0.26725551598144381     
   69.129503283475060                  0.50646008445424195     
   69.254503289412241                  0.73052625795810411     
   69.379503295349423                  0.93173855778167258     
   69.504503301286604                   1.1031339707063079     
   69.629503307223786                   1.2389028196896419     
   69.754503313160967                   1.3346796847475610     
   69.879503319098148                   1.3877654354183484     
   70.004503325035330                   1.3973379237277443     
   70.129503330972511                   1.3646867484961867     
   70.254503336909693                   1.2934503914823092     
   70.379503342846874                   1.1897693324796907     
   70.504503348784056                   1.0622243989841842     
   70.629503354721237                  0.92143283216892757     
   70.754503360658418                  0.77923085588306285     
   70.879503366595600                  0.64746686194128567     
   71.004503372532781                  0.53654328402789486     
   71.129503378469963                  0.45394940934711558     
   71.254503384407144                  0.40308576230464382     
   71.379503390344325                  0.38266492151165749     
   71.504503396281507                  0.38687974440577910     
   71.629503402218688                  0.40637500418756856     
   71.754503408155870                  0.42987616954471253     
   71.879503414093051                  0.44616676090556101     
   72.004503420030233                  0.44601011297366028     
   72.129503425967414                  0.42361321537038343     
   72.254503431904595                  0.37733227351573517     
   72.379503437841777                  0.30949441156390461     
   72.504503443778958                  0.22541276587393999     
   72.629503449716140                  0.13185296753176609     
   72.754503455653321                   3.5328916249092172E-002
   72.879503461590502                  -5.9368690743101513E-002
   73.004503467527684                 -0.15007889964660137     
   73.129503473464865                 -0.23742700010740692     
   73.254503479402047                 -0.32422320947161604     
   73.379503485339228                 -0.41426414098591929     
   73.504503491276409                 -0.51082810775025000     
   73.629503497213591                 -0.61521767641767289     
   73.754503503150772                 -0.72568880757355270     
   73.879503509087954                 -0.83702061041266496     
   74.004503515025135                 -0.94084424871758054     
   74.129503520962317                  -1.0266917781674845     
   74.254503526899498                  -1.0835775222609374     
   74.379503532836679                  -1.1018152617909465     
   74.504503538773861                  -1.0747314175727305     
   74.629503544711042                 -0.99996124970035516     
   74.754503550648224                 -0.88010347505244357     
   74.879503556585405                 -0.72263821043595922     
   75.004503562522586                 -0.53915021960738141     
   75.129503568459768                 -0.34401183533750668     
   75.254503574396949                 -0.15275308783208486     
   75.379503580334131                   1.9625681244623851E-002
   75.504503586271312                  0.16015984057358590     
   75.629503592208494                  0.25905754465018305     
   75.754503598145675                  0.31035530219945517     
   75.879503604082856                  0.31206682874483038     
   76.004503610020038                  0.26587941090190703     
   76.129503615957219                  0.17651513524104626     
   76.254503621894401                   5.0913258936829658E-002
   76.379503627831582                 -0.10260834614998002     
   76.504503633768763                 -0.27508600396900679     
   76.629503639705945                 -0.45746364787326926     
   76.754503645643126                 -0.64095812493169158     
   76.879503651580308                 -0.81728325961690707     
   77.004503657517489                 -0.97881613450380967     
   77.129503663454670                  -1.1187914275940793     
   77.254503669391852                  -1.2315771050973521     
   77.379503675329033                  -1.3130266136050726     
   77.504503681266215                  -1.3608475628084831     
   77.629503687203396                  -1.3748982241997130     
   77.754503693140578                  -1.3573305718694852     
   77.879503699077759                  -1.3125310463480342     
   78.004503705014940                  -1.2468555075466636     
   78.129503710952122                  -1.1681969150032472     
   78.254503716889303                  -1.0854491105038913     
   78.379503722826485                  -1.0079254068288299     
   78.504503728763666                 -0.94476588620692459     
   78.629503734700847                 -0.90433619640273299     
   78.754503740638029                 -0.89360457499236123     
   78.879503746575210                 -0.91749198061031456     
   79.004503752512392                 -0.97822254575764089     
   79.129503758449573                  -1.0747500661488683     
   79.254503764386754                  -1.2023817058409534     
   79.379503770323936                  -1.3527377318398255     
   79.504503776261117                  -1.5141640067880260     
   79.629503782198299                  -1.6726381647444071     
   79.754503788135480                  -1.8131086247885311     
   79.879503794072662                  -1.9211071743351713     
   80.004503800009843                  -1.9844024369139259     
   80.129503805947024                  -1.9944328088555734     
   80.254503811884206                  -1.9472842007718472     
   80.379503817821387                  -1.8440462812528833     
   80.504503823758569                  -1.6904868821303987     
   80.629503829695750                  -1.4961004595293728     
   80.754503835632931                  -1.2726932593290934     
   80.879503841570113                  -1.0327419718068300     
   81.004503847507294                 -0.78779528720865810     
   81.129503853444476                 -0.54717356826313768     
   81.254503859381657                 -0.31716576175315864     
   81.379503865318839                 -0.10083109784221488     
   81.504503871256020                  0.10160104843092377     
   81.629503877193201                  0.29185075600751242     
   81.754503883130383                  0.47242818357506033     
   81.879503889067564                  0.64544377416760201     
   82.004503895004746                  0.81163096283151448     
   82.129503900941927                  0.96976514913464329     
   82.254503906879108                   1.1165696142951020     
   82.379503912816290                   1.2470910868562122     
   82.504503918753471                   1.3554336901310131     
   82.629503924690653                   1.4356782582342686     
   82.754503930627834                   1.4827939408011479     
   82.879503936565015                   1.4933692519393389     
   83.004503942502197                   1.4660461453616886     
   83.129503948439378                   1.4016242492187283     
   83.254503954376560                   1.3028862930115326     
   83.379503960313741                   1.1742559475209926     
   83.504503966250923                   1.0214191043789598     
   83.629503972188104                  0.85101835704590711     
   83.754503978125285                  0.67047353574674784     
   83.879503984062467                  0.48790606060008701     
   84.004503989999648                  0.31208150714253019     
   84.129503995936830                  0.15225118628405421     
   84.254504001874011                   1.7783020926704945E-002
   84.379504007811192                  -8.2477728430467509E-002
   84.504504013748374                 -0.14110074584464447     
   84.629504019685555                 -0.15310795369955646     
   84.754504025622737                 -0.11696880111693871     
   84.879504031559918                  -3.5329778623842512E-002
   85.004504037497099                   8.4726102077465129E-002
   85.129504043434281                  0.23202453282144564     
   85.254504049371462                  0.39227698236716574     
   85.379504055308644                  0.54959472146795196     
   85.504504061245825                  0.68832562363927485     
   85.629504067183007                  0.79491767812994063     
   85.754504073120188                  0.85949635678436864     
   85.879504079057369                  0.87689492520373702     
   86.004504084994551                  0.84698946585445967     
   86.129504090931732                  0.77432781630233238     
   86.254504096868914                  0.66717292361081471     
   86.379504102806095                  0.53617811231675139     
   86.504504108743276                  0.39295156626991423     
   86.629504114680458                  0.24874551234556139     
   86.754504120617639                  0.11343963798904146     
   86.879504126554821                  -5.0987986232503800E-003
   87.004504132492002                 -0.10128464500174243     
   87.129504138429184                 -0.17178979972495934     
   87.254504144366365                 -0.21533638756842521     
   87.379504150303546                 -0.23242024099954689     
   87.504504156240728                 -0.22504383255444149     
   87.629504162177909                 -0.19648085118216105     
   87.754504168115091                 -0.15104947628545912     
   87.879504174052272                  -9.3848902773053244E-002
   88.004504179989453                  -3.0417600763952713E-002
   88.129504185926635                   3.3697384090256945E-002
   88.254504191863816                   9.3430978710379947E-002
   88.379504197800998                  0.14468288903515764     
   88.504504203738179                  0.18470326070780160     
   88.629504209675360                  0.21228876344917169     
   88.754504215612542                  0.22772296988596855     
   88.879504221549723                  0.23244781266301423     
   89.004504227486905                  0.22852180470578343     
   89.129504233424086                  0.21798956581516038     
   89.254504239361268                  0.20232839676612188     
   89.379504245298449                  0.18214450419026035     
   89.504504251235630                  0.15724761892816638     
   89.629504257172812                  0.12713543026109841     
   89.754504263109993                   9.1788764199294146E-002
   89.879504269047175                   5.2561917096639259E-002
   90.004504274984356                   1.2889990588181141E-002
   90.129504280921537                  -2.1446872438075703E-002
   90.254504286858719                  -4.2665981489753320E-002
   90.379504292795900                  -4.1948698799438473E-002
   90.504504298733082                  -1.0889100868861372E-002
   90.629504304670263                   5.6846102302612077E-002
   90.754504310607444                  0.16398559879379829     
   90.879504316544626                  0.30857979567353361     
   91.004504322481807                  0.48363119648482666     
   91.129504328418989                  0.67753470001120353     
   91.254504334356170                  0.87527355184050759     
   91.379504340293352                   1.0601706837273290     
   91.504504346230533                   1.2158962764980428     
   91.629504352167714                   1.3284060141211438     
   91.754504358104896                   1.3875216092401965     
   91.879504364042077                   1.3879433525988083     
   92.004504369979259                   1.3295911740656527     
   92.129504375916440                   1.2172864103616967     
   92.254504381853621                   1.0598932427271113     
   92.379504387790803                  0.86910375824875397     
   92.504504393727984                  0.65806584460213735     
   92.629504399665166                  0.44002973573375892     
   92.754504405602347                  0.22714305161826889     
   92.879504411539529                   2.9474216338027385E-002
   93.004504417476710                 -0.14569766691417665     
   93.129504423413891                 -0.29431044556991887     
   93.254504429351073                 -0.41564502703700990     
   93.379504435288254                 -0.51212408543363108     
   93.504504441225436                 -0.58876426396796566     
   93.629504447162617                 -0.65229324957370816     
   93.754504453099798                 -0.70999160588748400     
   93.879504459036980                 -0.76838110484928246     
   94.004504464974161                 -0.83194969565159993     
   94.129504470911343                 -0.90214991658173360     
   94.254504476848524                 -0.97690129716285712     
   94.379504482785705                  -1.0507574896688778     
   94.504504488722887                  -1.1157653674691672     
   94.629504494660068                  -1.1628867449985327     
   94.754504500597250                  -1.1837161805122118     
   94.879504506534431                  -1.1721468595664934     
   95.004504512471613                  -1.1256312095482379     
   95.129504518408794                  -1.0457599679473246     
   95.254504524345975                 -0.93803135268284998     
   95.379504530283157                 -0.81086091951393413     
   95.504504536220338                 -0.67405380992893227     
   95.629504542157520                 -0.53708773512568875     
   95.754504548094701                 -0.40759198675464481     
   95.879504554031882                 -0.29035042536060940     
   96.004504559969064                 -0.18702260989329705     
   96.129504565906245                  -9.6600124210313887E-002
   96.254504571843427                  -1.6437365905199959E-002
   96.379504577780608                   5.6436294385961268E-002
   96.504504583717790                  0.12406993380710715     
   96.629504589654971                  0.18671923850727670     
   96.754504595592152                  0.24255006160998746     
   96.879504601529334                  0.28797006929182212     
   97.004504607466515                  0.31848498783614054     
   97.129504613403697                  0.32985222026672484     
   97.254504619340878                  0.31924233843058125     
   97.379504625278059                  0.28613715994211558     
   97.504504631215241                  0.23277709979340816     
   97.629504637152422                  0.16408754848273169     
   97.754504643089604                   8.7133912920978482E-002
   97.879504649026785                   1.0245776385936588E-002
   98.004504654963966                  -5.8006383617821317E-002
   98.129504660901148                 -0.10980596437466784     
   98.254504666838329                 -0.13892898420040470     
   98.379504672775511                 -0.14136398081947527     
   98.504504678712692                 -0.11570194403275734     
   98.629504684649874                  -6.3305150827072817E-002
   98.754504690587055                   1.1748618734484373E-002
   98.879504696524236                  0.10296574051092891     
   99.004504702461418                  0.20200041833222315     
   99.129504708398599                  0.29947724830419159     
   99.254504714335781                  0.38601916919457324     
   99.379504720272962                  0.45336601738545146     
   99.504504726210143                  0.49541553484432616     
   99.629504732147325                  0.50900023434798991     
   99.754504738084506                  0.49424173207879746     
   99.879504744021688                  0.45438905423224663     
